Job,Event,Track,Parent,Patch,Creation Time [ns],Death Time [ns]
0,0,250650,177156,AlPatch_2_0,1161.4580140426,1161.5527096293
0,0,250649,177156,AlPatch_2_0,1161.4580140426,1161.547292066
0,0,250696,171565,AlPatch_0_0,3843.6672861948,3843.7566222139
0,0,250695,171565,AlPatch_0_0,3843.6672861948,3843.7564228556
0,0,251028,138891,AlPatch_1_0,632.8375888849,632.92475193029
0,0,251027,138891,AlPatch_1_0,632.8375888849,632.92496607127
0,0,251294,111146,AlPatch_1_1,3478.8730022134,3478.9738822258
0,0,251293,111146,AlPatch_1_1,3478.8730022134,3478.9619170788
0,0,251608,78362,AlPatch_1_0,3126.3444178622,3126.4455260262
0,0,251607,78362,AlPatch_1_0,3126.3444178622,3126.4453336598
0,0,251802,57189,AlPatch_2_0,2010.6476816146,2010.7514978218
0,0,251801,57189,AlPatch_2_0,2010.6476816146,2010.7469197681
0,0,252288,2153,AlPatch_0_0,7693.8376336943,7693.9366407829
0,0,252287,2153,AlPatch_0_0,7693.8376336943,7693.9263919592
10,0,250040,247045,AlPatch_0_1,6929.8679859281,6929.9545932774
10,0,250039,247045,AlPatch_0_1,6929.8679859281,6929.9543652707
10,0,250086,241091,AlPatch_0_1,5354.2102483451,5354.306311977
10,0,250085,241091,AlPatch_0_1,5354.2102483451,5354.3069144186
10,0,250158,232599,AlPatch_2_0,764.57595789451,764.66505605745
10,0,250157,232599,AlPatch_2_0,764.57595789451,764.6625187904
10,0,250280,218073,AlPatch_1_1,3487.3372273531,3487.4292043436
10,0,250279,218073,AlPatch_1_1,3487.3372273531,3487.4347728969
10,0,251242,110199,AlPatch_2_0,633.74440124995,633.85165867442
10,0,251241,110199,AlPatch_2_0,633.74440124995,633.83079952861
10,0,251390,94264,AlPatch_2_1,1835.6178445194,1835.7119303659
10,0,251389,94264,AlPatch_2_1,1835.6178445194,1835.7124083104
10,0,251556,78806,AlPatch_1_1,6488.5256234542,6488.6191579529
10,0,251555,78806,AlPatch_1_1,6488.5256234542,6488.6212730162
10,0,251582,75889,AlPatch_1_0,3394.4221991616,3394.5198187702
10,0,251581,75889,AlPatch_1_0,3394.4221991616,3394.5272332229
10,0,251612,73284,AlPatch_2_0,9257.4678504719,9257.5628640749
10,0,251611,73284,AlPatch_2_0,9257.467850472,9257.5712575949
10,0,251730,62099,AlPatch_2_0,4876.931367992,4877.0251839867
10,0,251729,62099,AlPatch_2_0,4876.931367992,4877.0259737938
10,0,251808,52234,AlPatch_0_0,8713.7398737126,8713.8263356896
10,0,251807,52234,AlPatch_0_0,8713.7398737125,8713.829699951
10,0,251992,38499,AlPatch_2_1,7300.3708223128,7300.4674934466
10,0,251991,38499,AlPatch_2_1,7300.3708223128,7300.46550088
10,0,252018,35819,AlPatch_2_0,889.21562097283,889.30577637186
10,0,252017,35819,AlPatch_2_0,889.21562097283,889.31569439325
10,0,252104,28715,AlPatch_0_1,1820.7424220878,1820.8416863088
10,0,252103,28715,AlPatch_0_1,1820.7424220878,1820.8445785326
11,0,250054,243314,AlPatch_1_0,2243.9230246027,2244.0246709995
11,0,250053,243314,AlPatch_1_0,2243.9230246027,2244.0271084606
11,0,250204,226706,AlPatch_1_1,4883.9917671963,4884.0791264597
11,0,250203,226706,AlPatch_1_1,4883.9917671963,4884.0788517198
11,0,250280,220271,AlPatch_0_0,7683.1957616004,7683.2831051507
11,0,250279,220271,AlPatch_0_0,7683.1957616004,7683.2958437864
11,0,250530,194176,AlPatch_2_0,1122.8505099562,1122.9498657604
11,0,250529,194176,AlPatch_2_0,1122.8505099562,1122.944340003
11,0,250746,174889,AlPatch_0_1,1534.5575735323,1534.6471488335
11,0,250745,174889,AlPatch_0_1,1534.5575735323,1534.6518165057
11,0,250886,159485,AlPatch_2_1,1157.7545700241,1157.8438115162
11,0,250885,159485,AlPatch_2_1,1157.7545700241,1157.8531629698
11,0,251092,138128,AlPatch_2_0,533.21037846292,533.30117616206
11,0,251091,138128,AlPatch_2_0,533.21037846292,533.30846588901
11,0,251398,105588,AlPatch_1_1,2554.6600894505,2554.7478955241
11,0,251397,105588,AlPatch_1_1,2554.6600894505,2554.7470694633
11,0,251716,67694,AlPatch_2_0,2062.3555111195,2062.4447970903
11,0,251715,67694,AlPatch_2_0,2062.3555111195,2062.4559406336
11,0,251804,59055,AlPatch_2_0,254.47553070807,254.56600507539
11,0,251803,59055,AlPatch_2_0,254.47553070807,254.57431426034
11,0,251852,55607,AlPatch_1_0,1439.1902121019,1439.2950354399
11,0,251851,55607,AlPatch_1_0,1439.1902121019,1439.2782875236
11,0,251950,46976,AlPatch_2_1,495.75608133906,495.85017963971
11,0,251949,46976,AlPatch_2_1,495.75608133906,495.8514193718
11,0,252282,6788,AlPatch_2_0,3766.1145299046,3766.2024675522
11,0,252281,6788,AlPatch_2_0,3766.1145299046,3766.2034686884
11,0,252330,2096,AlPatch_2_1,3420.4097691324,3420.5038897163
11,0,252329,2096,AlPatch_2_1,3420.4097691324,3420.4965458122
11,0,252342,762,AlPatch_0_0,2179.7440902073,2179.8436391518
11,0,252341,762,AlPatch_0_0,2179.7440902073,2179.8435424129
11,0,252344,544,AlPatch_0_1,1283.2983016906,1283.3988613531
11,0,252343,544,AlPatch_0_1,1283.2983016906,1283.3929253407
12,0,250002,249747,AlPatch_1_1,5534.7584342689,5534.8439522104
12,0,250001,249747,AlPatch_1_1,5534.7584342689,5534.8455108255
12,0,250364,208811,AlPatch_2_0,249.22761318275,249.31611599633
12,0,250363,208811,AlPatch_2_0,249.22761318275,249.31706295262
12,0,250672,175884,AlPatch_2_1,8395.0268097997,8395.11712852
12,0,250671,175884,AlPatch_2_1,8395.0268097997,8395.1243742634
12,0,251376,105398,AlPatch_2_0,3999.4361133264,3999.5271467116
12,0,251375,105398,AlPatch_2_0,3999.4361133264,3999.5242019904
12,0,251814,56175,AlPatch_2_0,1169.7875888141,1169.8850150915
12,0,251813,56175,AlPatch_2_0,1169.7875888141,1169.8779280123
12,0,252024,34933,AlPatch_1_1,3314.1035584083,3314.2052810087
12,0,252023,34933,AlPatch_1_1,3314.1035584083,3314.189840566
12,0,252252,8434,AlPatch_2_1,6222.8119191078,6222.8981932915
12,0,252251,8434,AlPatch_2_1,6222.8119191078,6222.8980764367
13,0,250044,245336,AlPatch_2_1,8770.6501441388,8770.7485363292
13,0,250043,245336,AlPatch_2_1,8770.6501441388,8770.7384992398
13,0,250182,228826,AlPatch_2_0,2509.7920418336,2509.8867187476
13,0,250181,228826,AlPatch_2_0,2509.7920418336,2509.8874172375
13,0,250420,211131,AlPatch_1_0,5606.8258861344,5606.9263456939
13,0,250419,211131,AlPatch_1_0,5606.8258861344,5606.9180779095
13,0,250450,207317,AlPatch_2_1,4299.5401565129,4299.6333291212
13,0,250449,207317,AlPatch_2_1,4299.5401565129,4299.6429159655
13,0,251332,110064,AlPatch_2_0,5056.0123027982,5056.1059350441
13,0,251331,110064,AlPatch_2_0,5056.0123027982,5056.1064614816
13,0,251710,64636,AlPatch_2_0,268.26717901874,268.35778605885
13,0,251709,64636,AlPatch_2_0,268.26717901874,268.36447084635
13,0,251714,63646,AlPatch_1_0,5096.2755052156,5096.3747565509
13,0,251713,63646,AlPatch_1_0,5096.2755052156,5096.3668587723
13,0,251792,54949,AlPatch_2_0,1216.1320929833,1216.226853141
13,0,251791,54949,AlPatch_2_0,1216.1320929833,1216.22687918
13,0,252014,33855,AlPatch_2_1,7051.4392176608,7051.5375440285
13,0,252013,33855,AlPatch_2_1,7051.4392176608,7051.5339736977
13,0,252046,30527,AlPatch_2_0,251.0163160986,251.11334901615
13,0,252045,30527,AlPatch_2_0,251.0163160986,251.10250211201
14,0,250002,249847,AlPatch_2_0,2359.8262735327,2359.9199988788
14,0,250001,249847,AlPatch_2_0,2359.8262735327,2359.9216244887
14,0,250106,243306,AlPatch_2_0,254.39575470051,254.48463526956
14,0,250105,243306,AlPatch_2_0,254.39575470051,254.49257451582
14,0,250168,236984,AlPatch_1_1,7802.8754297716,7802.9705614398
14,0,250167,236984,AlPatch_1_1,7802.8754297716,7802.9733888543
14,0,250202,234186,AlPatch_2_0,3449.3530115422,3449.4418815611
14,0,250201,234186,AlPatch_2_0,3449.3530115422,3449.4404064849
14,0,250400,212019,AlPatch_0_1,5954.8984675702,5954.9866157885
14,0,250399,212019,AlPatch_0_1,5954.8984675702,5954.9980676119
14,0,250514,199436,AlPatch_1_0,3071.488186247,3071.5836517376
14,0,250513,199436,AlPatch_1_0,3071.488186247,3071.5815514958
14,0,250532,197341,AlPatch_1_0,9398.5787533362,9398.6810212873
14,0,250531,197341,AlPatch_1_0,9398.5787533362,9398.6643375962
14,0,250752,172569,AlPatch_0_1,7825.8648870573,7825.9512091069
14,0,250751,172569,AlPatch_0_1,7825.8648870573,7825.9537070352
14,0,250918,155340,AlPatch_1_1,1399.5986760105,1399.6928870935
14,0,250917,155340,AlPatch_1_1,1399.5986760105,1399.6909503062
14,0,250988,145509,AlPatch_2_0,3700.839782001,3700.9385765171
14,0,250987,145509,AlPatch_2_0,3700.839782001,3700.939798899
14,0,251194,123007,AlPatch_1_0,6954.7775377502,6954.8628055796
14,0,251193,123007,AlPatch_1_0,6954.7775377502,6954.8816442431
14,0,251664,76769,AlPatch_0_1,4694.9672420021,4695.06505411
14,0,251663,76769,AlPatch_0_1,4694.9672420021,4695.0619994501
15,0,250352,214206,AlPatch_2_0,2203.8434508227,2203.9341327312
15,0,250351,214206,AlPatch_2_0,2203.8434508227,2203.9326115822
15,0,250588,190750,AlPatch_1_0,2347.047191248,2347.145881762
15,0,250587,190750,AlPatch_1_0,2347.047191248,2347.1410982143
15,0,251394,99513,AlPatch_1_1,9341.2402654011,9341.3312159808
15,0,251393,99513,AlPatch_1_1,9341.2402654011,9341.3309860352
15,0,251472,90046,AlPatch_0_0,8469.1229786663,8469.2111602849
15,0,251471,90046,AlPatch_0_0,8469.1229786664,8469.2121721687
15,0,251512,87152,AlPatch_1_1,7223.617482314,7223.7127809456
15,0,251511,87152,AlPatch_1_1,7223.617482314,7223.713986493
15,0,251776,53620,AlPatch_2_1,8529.9268668063,8530.0143556763
15,0,251775,53620,AlPatch_2_1,8529.9268668063,8530.0147481083
15,0,252134,14536,AlPatch_1_1,6222.0757849421,6222.164118378
15,0,252133,14536,AlPatch_1_1,6222.0757849421,6222.1741969436
16,0,250052,245826,AlPatch_1_0,7505.5008025215,7505.594475394
16,0,250051,245826,AlPatch_1_0,7505.5008025215,7505.5990800953
16,0,250076,244002,AlPatch_2_1,7395.1843392331,7395.2871412326
16,0,250075,244002,AlPatch_2_1,7395.1843392331,7395.2727210847
16,0,250288,226796,AlPatch_1_1,5900.3011706378,5900.3999366777
16,0,250287,226796,AlPatch_1_1,5900.3011706378,5900.4003166096
16,0,250538,200252,AlPatch_2_1,2950.3556683643,2950.4420430019
16,0,250537,200252,AlPatch_2_1,2950.3556683643,2950.443891629
16,0,250660,186229,AlPatch_2_1,2367.8436352879,2367.9482951417
16,0,250659,186229,AlPatch_2_1,2367.8436352879,2367.9313717343
16,0,250966,155020,AlPatch_2_0,631.53905719718,631.63144341352
16,0,250965,155020,AlPatch_2_0,631.53905719718,631.63168357564
16,0,251540,83448,AlPatch_2_0,251.06446245295,251.15458783051
16,0,251539,83448,AlPatch_2_0,251.06446245295,251.15718493322
16,0,251672,69507,AlPatch_2_0,257.02422966353,257.11670827829
16,0,251671,69507,AlPatch_2_0,257.02422966353,257.11616195614
16,0,251970,38900,AlPatch_2_0,442.22816578059,442.31915230137
16,0,251969,38900,AlPatch_2_0,442.22816578059,442.32263128048
16,0,252016,32389,AlPatch_1_0,8357.9468687677,8358.0405541392
16,0,252015,32389,AlPatch_1_0,8357.9468687677,8358.0467224666
17,0,250078,240678,AlPatch_0_1,2750.0129362778,2750.1094179707
17,0,250077,240678,AlPatch_0_1,2750.0129362777,2750.1071150889
17,0,250186,231895,AlPatch_2_1,2342.3887424612,2342.4876256899
17,0,250185,231895,AlPatch_2_1,2342.3887424612,2342.4885908472
17,0,250406,208777,AlPatch_2_0,2647.7041971737,2647.8027855535
17,0,250405,208777,AlPatch_2_0,2647.7041971737,2647.7971485867
17,0,250784,168420,AlPatch_2_0,768.54263944989,768.63093979473
17,0,250783,168420,AlPatch_2_0,768.54263944989,768.64649155246
17,0,250894,159059,AlPatch_2_0,998.22646578968,998.32401702483
17,0,250893,159059,AlPatch_2_0,998.22646578968,998.32168966852
17,0,251042,141898,AlPatch_2_0,4512.7755505761,4512.8790666874
17,0,251041,141898,AlPatch_2_0,4512.7755505761,4512.874653358
17,0,251298,110558,AlPatch_2_1,2181.9016113455,2181.9875260174
17,0,251297,110558,AlPatch_2_1,2181.9016113455,2181.9998392053
17,0,251956,44416,AlPatch_0_0,3237.6865856217,3237.7720235878
17,0,251955,44416,AlPatch_0_0,3237.6865856217,3237.7773901518
17,0,251960,44050,AlPatch_2_0,2930.1280280451,2930.2141953778
17,0,251959,44050,AlPatch_2_0,2930.1280280451,2930.2149036712
17,0,251988,40628,AlPatch_2_0,8026.1462190601,8026.2359356134
17,0,251987,40628,AlPatch_2_0,8026.1462190601,8026.2352699383
17,0,252024,35866,AlPatch_2_1,2307.3652460215,2307.4581327199
17,0,252023,35866,AlPatch_2_1,2307.3652460215,2307.4567680273
18,0,250336,214065,AlPatch_2_0,1849.2423901545,1849.332612259
18,0,250335,214065,AlPatch_2_0,1849.2423901545,1849.3294790013
18,0,250344,213630,AlPatch_1_1,5120.1471424557,5120.2438648111
18,0,250343,213630,AlPatch_1_1,5120.1471424557,5120.2456194299
18,0,250782,164368,AlPatch_0_1,1255.2134561977,1255.3100452981
18,0,250781,164368,AlPatch_0_1,1255.2134561977,1255.3051441559
18,0,250788,164222,AlPatch_2_0,435.64594901213,435.74513896085
18,0,250787,164222,AlPatch_2_0,435.64594901213,435.73742237849
18,0,250946,145962,AlPatch_1_1,8473.3878316668,8473.4757506413
18,0,250945,145962,AlPatch_1_1,8473.3878316668,8473.4828555766
18,0,251014,139403,AlPatch_2_1,4247.9597610039,4248.0543669879
18,0,251013,139403,AlPatch_2_1,4247.9597610039,4248.0508152719
18,0,251082,135185,AlPatch_0_0,3315.0420225942,3315.1322619291
18,0,251081,135185,AlPatch_0_0,3315.0420225942,3315.1389002434
18,0,251190,123099,AlPatch_0_0,8112.470010907,8112.5617227162
18,0,251189,123099,AlPatch_0_0,8112.470010907,8112.5564649893
18,0,251206,121066,AlPatch_1_0,7270.7533300981,7270.8413566944
18,0,251205,121066,AlPatch_1_0,7270.7533300981,7270.8533458184
18,0,251276,114755,AlPatch_1_1,4776.1883195174,4776.2901618276
18,0,251275,114755,AlPatch_1_1,4776.1883195174,4776.2772669338
18,0,251812,58432,AlPatch_2_1,6335.9190535867,6336.0065103184
18,0,251811,58432,AlPatch_2_1,6335.9190535867,6336.0055108617
18,0,251846,53551,AlPatch_2_0,2695.3078378615,2695.4059438403
18,0,251845,53551,AlPatch_2_0,2695.3078378615,2695.4074256786
18,0,252118,26704,AlPatch_1_0,7421.3910368918,7421.4789196325
18,0,252117,26704,AlPatch_1_0,7421.3910368918,7421.4771196475
19,0,250110,238704,AlPatch_2_0,255.01105550238,255.11358324137
19,0,250109,238704,AlPatch_2_0,255.01105550238,255.11496705625
19,0,250128,237474,AlPatch_2_0,511.65336901763,511.74196416503
19,0,250127,237474,AlPatch_2_0,511.65336901763,511.7441807098
19,0,250208,230069,AlPatch_0_1,6150.5461241387,6150.6351346626
19,0,250207,230069,AlPatch_0_1,6150.5461241387,6150.6451619913
19,0,250262,222943,AlPatch_2_1,5186.2203388285,5186.3195415376
19,0,250261,222943,AlPatch_2_1,5186.2203388285,5186.3177798561
19,0,250296,220979,AlPatch_1_1,3699.0625665079,3699.1531580547
19,0,250295,220979,AlPatch_1_1,3699.0625665079,3699.1601982323
19,0,250696,178661,AlPatch_2_0,769.58985293089,769.67806978045
19,0,250695,178661,AlPatch_2_0,769.58985293089,769.68785552575
19,0,250860,164908,AlPatch_2_0,5095.2097834154,5095.3081579819
19,0,250859,164908,AlPatch_2_0,5095.2097834154,5095.3025268605
19,0,250884,163068,AlPatch_2_1,10738.009273014,10738.099724158
19,0,250883,163068,AlPatch_2_1,10738.009273014,10738.097407491
19,0,251088,142884,AlPatch_2_1,1487.8711862708,1487.9702221188
19,0,251087,142884,AlPatch_2_1,1487.8711862708,1487.9708194889
19,0,251386,110239,AlPatch_1_0,6527.9455130405,6528.0358811474
19,0,251385,110239,AlPatch_1_0,6527.9455130405,6528.0330045274
19,0,251460,103657,AlPatch_2_0,1779.5287079802,1779.6285262086
19,0,251459,103657,AlPatch_2_0,1779.5287079802,1779.6283512773
19,0,251720,78981,AlPatch_0_1,1607.9795365324,1608.0745069394
19,0,251719,78981,AlPatch_0_1,1607.9795365324,1608.0705194145
19,0,252000,49293,AlPatch_2_1,3836.4231339566,3836.5261009521
19,0,251999,49293,AlPatch_2_1,3836.4231339566,3836.5107860566
19,0,252046,44083,AlPatch_1_1,5009.1429427215,5009.2419420458
19,0,252045,44083,AlPatch_1_1,5009.1429427215,5009.244061526
1,0,250060,243688,AlPatch_2_0,582.07622169495,582.17690809823
1,0,250059,243688,AlPatch_2_0,582.07622169495,582.17050080697
1,0,250380,208983,AlPatch_2_1,1205.5242385746,1205.6160820227
1,0,250379,208983,AlPatch_2_1,1205.5242385746,1205.6122448815
1,0,250768,165003,AlPatch_2_0,257.00837180092,257.10296974557
1,0,250767,165003,AlPatch_2_0,257.00837180092,257.10122772356
1,0,251118,125797,AlPatch_2_0,456.82964871842,456.91848617531
1,0,251117,125797,AlPatch_2_0,456.82964871842,456.91946236631
1,0,251420,95108,AlPatch_1_0,1256.6203665474,1256.718673521
1,0,251419,95108,AlPatch_1_0,1256.6203665474,1256.7178534996
1,0,251698,68433,AlPatch_1_0,2231.2540788089,2231.3398028991
1,0,251697,68433,AlPatch_1_0,2231.2540788089,2231.3399226787
1,0,251804,56164,AlPatch_0_1,9085.4009190648,9085.4929168704
1,0,251803,56164,AlPatch_0_1,9085.4009190648,9085.4931550834
1,0,252030,31710,AlPatch_1_1,1445.5431439468,1445.6303408003
1,0,252029,31710,AlPatch_1_1,1445.5431439468,1445.6440155668
1,0,252206,13534,AlPatch_2_0,1722.9435824221,1723.0304360897
1,0,252205,13534,AlPatch_2_0,1722.9435824221,1723.046065888
2,0,250142,234189,AlPatch_1_0,3849.6834299465,3849.7723415579
2,0,250141,234189,AlPatch_1_0,3849.6834299465,3849.7842807477
2,0,250168,231512,AlPatch_1_1,1592.8450784245,1592.9355320304
2,0,250167,231512,AlPatch_1_1,1592.8450784245,1592.9317800314
2,0,250504,197708,AlPatch_1_1,10768.896532832,10768.985450491
2,0,250503,197708,AlPatch_1_1,10768.896532832,10768.985348986
2,0,250558,191260,AlPatch_2_0,254.59146790792,254.68365326437
2,0,250557,191260,AlPatch_2_0,254.59146790792,254.68272617754
2,0,250572,189569,AlPatch_0_1,8047.7621791272,8047.8591576251
2,0,250571,189569,AlPatch_0_1,8047.7621791272,8047.8541766828
2,0,250618,186405,AlPatch_2_1,9170.5840634883,9170.6720157581
2,0,250617,186405,AlPatch_2_1,9170.5840634883,9170.6725346703
2,0,250654,183116,AlPatch_2_0,250.77701429683,250.86263967047
2,0,250653,183116,AlPatch_2_0,250.77701429683,250.86307315073
2,0,250958,150097,AlPatch_1_0,3599.5703400514,3599.6692932525
2,0,250957,150097,AlPatch_1_0,3599.5703400514,3599.6661880078
2,0,250982,148122,AlPatch_1_1,7600.8986340584,7601.0000820341
2,0,250981,148122,AlPatch_1_1,7600.8986340584,7600.9846388988
2,0,251036,142812,AlPatch_2_0,1015.9203742469,1016.0120500761
2,0,251035,142812,AlPatch_2_0,1015.9203742469,1016.0132884002
2,0,251554,89575,AlPatch_2_0,7550.2654801674,7550.3542710142
2,0,251553,89575,AlPatch_2_0,7550.2654801674,7550.3541676318
2,0,251616,80547,AlPatch_0_0,6666.5455650501,6666.6337022234
2,0,251615,80547,AlPatch_0_0,6666.5455650501,6666.6326757201
2,0,251622,79597,AlPatch_1_0,1349.2603931561,1349.3573049905
2,0,251621,79597,AlPatch_1_0,1349.2603931561,1349.3567244491
2,0,252074,24108,AlPatch_1_1,1121.8362004858,1121.923996692
2,0,252073,24108,AlPatch_1_1,1121.8362004858,1121.9410386989
2,0,252160,14202,AlPatch_2_0,1401.7514857832,1401.8432029977
2,0,252159,14202,AlPatch_2_0,1401.7514857832,1401.8433569487
3,0,250186,230978,AlPatch_1_1,7574.2123153212,7574.3088118301
3,0,250185,230978,AlPatch_1_1,7574.2123153212,7574.3060335792
3,0,250216,226427,AlPatch_2_0,4863.6661070484,4863.7607091313
3,0,250215,226427,AlPatch_2_0,4863.6661070484,4863.7614272768
3,0,250516,195542,AlPatch_0_0,4143.2530994869,4143.3550692265
3,0,250515,195542,AlPatch_0_0,4143.2530994869,4143.3450483963
3,0,251094,130025,AlPatch_2_0,1410.4639677379,1410.5618999763
3,0,251093,130025,AlPatch_2_0,1410.4639677379,1410.556475929
3,0,251152,124203,AlPatch_2_1,3270.5635529382,3270.6532689752
3,0,251151,124203,AlPatch_2_1,3270.5635529382,3270.6518684534
3,0,251214,118276,AlPatch_0_1,8209.9591053181,8210.0485453066
3,0,251213,118276,AlPatch_0_1,8209.9591053181,8210.0586493483
3,0,251242,114094,AlPatch_2_0,3103.099079151,3103.1883515044
3,0,251241,114094,AlPatch_2_0,3103.099079151,3103.1917243022
3,0,251706,64795,AlPatch_0_1,9911.6206631549,9911.7098482002
3,0,251705,64795,AlPatch_0_1,9911.6206631549,9911.7148802851
3,0,251754,60995,AlPatch_2_0,259.28914694543,259.37734889312
3,0,251753,60995,AlPatch_2_0,259.28914694543,259.39144768191
3,0,251782,57979,AlPatch_1_0,1090.5917583675,1090.6800794161
3,0,251781,57979,AlPatch_1_0,1090.5917583675,1090.6815114451
3,0,251930,44201,AlPatch_0_1,3895.8059912848,3895.8981834208
3,0,251929,44201,AlPatch_0_1,3895.8059912848,3895.8978213334
3,0,252214,15246,AlPatch_2_0,1896.9946009245,1897.0881293021
3,0,252213,15246,AlPatch_2_0,1896.9946009245,1897.0915059044
4,0,250354,217086,AlPatch_0_0,5833.527024453,5833.6133838973
4,0,250353,217086,AlPatch_0_0,5833.527024453,5833.6134308865
4,0,250426,209016,AlPatch_0_1,1386.6181060423,1386.7091253238
4,0,250425,209016,AlPatch_0_1,1386.6181060423,1386.7138314122
4,0,250514,198321,AlPatch_0_0,5509.8391347004,5509.9369812912
4,0,250513,198321,AlPatch_0_0,5509.8391347004,5509.9310348974
4,0,250858,161698,AlPatch_2_1,4527.531410831,4527.6186153752
4,0,250857,161698,AlPatch_2_1,4527.531410831,4527.6340302999
4,0,250966,152689,AlPatch_2_0,6512.5336438925,6512.6310343453
4,0,250965,152689,AlPatch_2_0,6512.5336438925,6512.6241096012
4,0,251180,132542,AlPatch_2_0,257.3751182618,257.47100336439
4,0,251179,132542,AlPatch_2_0,257.3751182618,257.4704186709
4,0,251618,85368,AlPatch_2_0,872.37592581025,872.47642643342
4,0,251617,85368,AlPatch_2_0,872.37592581025,872.4702610514
4,0,251730,72145,AlPatch_2_0,3117.4983330275,3117.6004820239
4,0,251729,72145,AlPatch_2_0,3117.4983330275,3117.5881616499
4,0,251892,55292,AlPatch_1_1,4800.9930798735,4801.0874112823
4,0,251891,55292,AlPatch_1_1,4800.9930798735,4801.0881324364
4,0,252062,37785,AlPatch_0_1,4392.4516187137,4392.5404637029
4,0,252061,37785,AlPatch_0_1,4392.4516187137,4392.5372033349
4,0,252286,15770,AlPatch_1_0,1861.9461562234,1862.0343263328
4,0,252285,15770,AlPatch_1_0,1861.9461562234,1862.0505319131
4,0,252400,5908,AlPatch_2_1,1352.6717905098,1352.7689478317
4,0,252399,5908,AlPatch_2_1,1352.6717905098,1352.7684742674
5,0,250554,194521,AlPatch_0_1,4834.5424362862,4834.6350100079
5,0,250553,194521,AlPatch_0_1,4834.5424362862,4834.6407496261
5,0,250932,146224,AlPatch_2_1,7759.5865032075,7759.6871815166
5,0,250931,146224,AlPatch_2_1,7759.5865032075,7759.6872427861
5,0,251100,126518,AlPatch_0_0,2726.5938985212,2726.6864681792
5,0,251099,126518,AlPatch_0_0,2726.5938985212,2726.6836118927
5,0,251210,114245,AlPatch_2_1,6379.9198840895,6380.0146052298
5,0,251209,114245,AlPatch_2_1,6379.9198840895,6380.0123825524
5,0,251236,111261,AlPatch_1_1,3296.5037211718,3296.5932805494
5,0,251235,111261,AlPatch_1_1,3296.5037211718,3296.5937315234
5,0,251320,102079,AlPatch_1_1,7847.1185084288,7847.2083477413
5,0,251319,102079,AlPatch_1_1,7847.1185084288,7847.2185359391
5,0,251440,90428,AlPatch_2_0,267.56961808526,267.6685529853
5,0,251439,90428,AlPatch_2_0,267.56961808526,267.66015974809
5,0,252006,28217,AlPatch_2_0,6667.4592689584,6667.5501603859
5,0,252005,28217,AlPatch_2_0,6667.4592689584,6667.5576136403
6,0,250106,236060,AlPatch_2_0,2578.9508477957,2579.0400238215
6,0,250105,236060,AlPatch_2_0,2578.9508477957,2579.0509924485
6,0,250144,231828,AlPatch_1_0,738.53744065339,738.63653367447
6,0,250143,231828,AlPatch_1_0,738.53744065339,738.63185909144
6,0,250362,208809,AlPatch_2_1,506.01834289987,506.11667633905
6,0,250361,208809,AlPatch_2_1,506.01834289987,506.10978837035
6,0,250590,184513,AlPatch_1_0,3022.6305792009,3022.7277461872
6,0,250589,184513,AlPatch_1_0,3022.6305792009,3022.7241463503
6,0,250788,164071,AlPatch_2_0,4170.9719472971,4171.0795684079
6,0,250787,164071,AlPatch_2_0,4170.9719472971,4171.0575823867
6,0,251526,80024,AlPatch_2_1,9095.6026626548,9095.6966564999
6,0,251525,80024,AlPatch_2_1,9095.6026626548,9095.6966470036
6,0,251694,58305,AlPatch_1_1,6550.2637372517,6550.3626991736
6,0,251693,58305,AlPatch_1_1,6550.2637372517,6550.3503456002
6,0,252032,26407,AlPatch_1_1,9602.0336990722,9602.1297302965
6,0,252031,26407,AlPatch_1_1,9602.0336990722,9602.1303444349
6,0,252150,12466,AlPatch_1_0,5275.1427977756,5275.2339393612
6,0,252149,12466,AlPatch_1_0,5275.1427977756,5275.2395029176
7,0,250060,244269,AlPatch_0_1,7129.0764182575,7129.1683062984
7,0,250059,244269,AlPatch_0_1,7129.0764182575,7129.1724760869
7,0,250138,237905,AlPatch_2_1,4222.7043915228,4222.7961085203
7,0,250137,237905,AlPatch_2_1,4222.7043915228,4222.7969841193
7,0,250172,235179,AlPatch_2_0,2323.5561052076,2323.6473144814
7,0,250171,235179,AlPatch_2_0,2323.5561052076,2323.6495195061
7,0,250282,224876,AlPatch_2_1,933.29994889535,933.38611791512
7,0,250281,224876,AlPatch_2_1,933.29994889535,933.39096692691
7,0,250714,172161,AlPatch_2_1,1219.609956418,1219.6994058411
7,0,250713,172161,AlPatch_2_1,1219.609956418,1219.6997903356
7,0,251378,108134,AlPatch_0_0,1480.0678805214,1480.1626959132
7,0,251377,108134,AlPatch_0_0,1480.0678805214,1480.1675173985
7,0,251574,88784,AlPatch_1_1,5875.1415153937,5875.2281338551
7,0,251573,88784,AlPatch_1_1,5875.1415153937,5875.2279106055
7,0,251782,68063,AlPatch_2_1,8461.6575408895,8461.7442226879
7,0,251781,68063,AlPatch_2_1,8461.6575408895,8461.7437745055
7,0,251922,49950,AlPatch_2_0,6301.2859792721,6301.3811390482
7,0,251921,49950,AlPatch_2_0,6301.2859792721,6301.385505468
7,0,252108,29963,AlPatch_1_0,2456.2440507575,2456.3416678333
7,0,252107,29963,AlPatch_1_0,2456.2440507575,2456.3353590431
7,0,252316,7386,AlPatch_1_1,4245.2832959145,4245.3780885231
7,0,252315,7386,AlPatch_1_1,4245.2832959145,4245.3740581206
7,0,252332,5810,AlPatch_2_1,8034.330969914,8034.4344378537
7,0,252331,5810,AlPatch_2_1,8034.330969914,8034.4317997774
8,0,250096,238655,AlPatch_2_1,2565.8189576406,2565.9066309241
8,0,250095,238655,AlPatch_2_1,2565.8189576406,2565.9185202847
8,0,250172,227893,AlPatch_2_0,634.64014437833,634.73003696465
8,0,250171,227893,AlPatch_2_0,634.64014437833,634.7383625427
8,0,250658,173591,AlPatch_1_0,5395.5666630651,5395.6634043737
8,0,250657,173591,AlPatch_1_0,5395.5666630651,5395.6557597628
8,0,250804,155739,AlPatch_1_0,812.47630461999,812.5643897592
8,0,250803,155739,AlPatch_1_0,812.47630461999,812.5744536268
8,0,251180,111283,AlPatch_2_1,4042.6446486012,4042.7347919069
8,0,251179,111283,AlPatch_2_1,4042.6446486012,4042.7415629649
8,0,251596,64988,AlPatch_0_0,3089.9485621768,3090.0370096289
8,0,251595,64988,AlPatch_0_0,3089.9485621768,3090.038155728
8,0,251724,51666,AlPatch_1_1,3073.4141194563,3073.5118929437
8,0,251723,51666,AlPatch_1_1,3073.4141194563,3073.5152108977
8,0,251726,50758,AlPatch_1_1,7365.5305985804,7365.6236662217
8,0,251725,50758,AlPatch_1_1,7365.5305985804,7365.6314336067
8,0,251828,38112,AlPatch_0_0,8518.4734236988,8518.5665030159
8,0,251827,38112,AlPatch_0_0,8518.4734236988,8518.5695554257
8,0,252050,15168,AlPatch_1_0,3933.8782687665,3933.9676614079
8,0,252049,15168,AlPatch_1_0,3933.8782687665,3933.9750196601
9,0,250010,249424,AlPatch_1_1,5364.9077179945,5364.9966686801
9,0,250009,249424,AlPatch_1_1,5364.9077179945,5364.9964878486
9,0,250040,246335,AlPatch_2_0,256.04260485996,256.12895745907
9,0,250039,246335,AlPatch_2_0,256.04260485996,256.13009460155
9,0,250306,216915,AlPatch_1_0,5919.4810158229,5919.5703409465
9,0,250305,216915,AlPatch_1_0,5919.4810158229,5919.5685720253
9,0,250342,210814,AlPatch_2_0,2059.1556232938,2059.2443585878
9,0,250341,210814,AlPatch_2_0,2059.1556232938,2059.2426291016
9,0,250684,177330,AlPatch_1_1,4742.4546336577,4742.5417963948
9,0,250683,177330,AlPatch_1_1,4742.4546336577,4742.540815824
9,0,250890,152884,AlPatch_1_1,6664.9893585921,6665.0877459751
9,0,250889,152884,AlPatch_1_1,6664.9893585921,6665.086395649
9,0,250956,143699,AlPatch_0_1,6824.5960009885,6824.6906041794
9,0,250955,143699,AlPatch_0_1,6824.5960009885,6824.687262777
9,0,251040,137501,AlPatch_2_0,871.91038492425,872.00199840319
9,0,251039,137501,AlPatch_2_0,871.91038492425,872.00041686813
9,0,251350,103256,AlPatch_0_0,7096.6079614618,7096.7033613121
9,0,251349,103256,AlPatch_0_0,7096.6079614618,7096.7051204841
9,0,251468,90513,AlPatch_2_0,895.41290056416,895.50796679639
9,0,251467,90513,AlPatch_2_0,895.41290056416,895.51022289566
9,0,251540,83401,AlPatch_2_1,8420.6914321209,8420.777225442
9,0,251539,83401,AlPatch_2_1,8420.6914321209,8420.7934072875
9,0,251554,81699,AlPatch_2_1,3386.2924521093,3386.3846126343
9,0,251553,81699,AlPatch_2_1,3386.2924521093,3386.3848818717
9,0,251656,69940,AlPatch_0_0,6514.4959902769,6514.5897398725
9,0,251655,69940,AlPatch_0_0,6514.4959902769,6514.5860178987
9,0,251770,55549,AlPatch_2_0,5160.8449173025,5160.9366862401
9,0,251769,55549,AlPatch_2_0,5160.8449173025,5160.9395102688
9,0,251972,30073,AlPatch_1_0,2419.921579403,2420.0237285075
9,0,251971,30073,AlPatch_1_0,2419.921579403,2420.0239400026
