Event,Track,Parent,Patch,Creation Time [ns],Death Time [ns]
0,250122,247645,AlPatch_2_0,38740.132798615,38740.229284535
0,250121,247645,AlPatch_2_0,38740.132798615,38740.220960877
0,250370,242069,AlPatch_0_0,86227.717261081,86227.809581677
0,250369,242069,AlPatch_0_0,86227.717261081,86227.809760153
0,250702,234510,AlPatch_2_1,1219.6101407336,1219.6995749698
0,250701,234510,AlPatch_2_1,1219.6101407336,1219.6999591091
0,251030,227671,AlPatch_2_0,257.13875881089,257.22830648629
0,251029,227671,AlPatch_2_0,257.13875881089,257.22818775636
0,251324,222539,AlPatch_2_1,3722.8218319715,3722.9233665507
0,251323,222539,AlPatch_2_1,3722.8218319715,3722.9252656976
0,251362,222024,AlPatch_1_0,27098.515521304,27098.607161497
0,251361,222024,AlPatch_1_0,27098.515521304,27098.61248105
0,251682,216427,AlPatch_1_1,84898.783534383,84898.886156511
0,251681,216427,AlPatch_1_1,84898.783534382,84898.8715524
0,251758,215074,AlPatch_1_0,6214.9766845841,6215.0627952045
0,251757,215074,AlPatch_1_0,6214.9766845841,6215.0682120547
0,251904,211850,AlPatch_1_1,23392.950038159,23393.038951086
0,251903,211850,AlPatch_1_1,23392.950038159,23393.048916095
0,251908,211756,AlPatch_0_1,61924.548160141,61924.63479456
0,251907,211756,AlPatch_0_1,61924.548160141,61924.635227266
0,252044,208659,AlPatch_0_0,19431.281960867,19431.374284918
0,252043,208659,AlPatch_0_0,19431.281960867,19431.377503255
0,252138,206765,AlPatch_1_1,11964.749280159,11964.840084256
0,252137,206765,AlPatch_1_1,11964.749280159,11964.846520938
0,252220,204643,AlPatch_0_1,72699.678067734,72699.782002555
0,252219,204643,AlPatch_0_1,72699.678067734,72699.765521932
0,252224,204558,AlPatch_2_0,7328.8752026597,7328.975181091
0,252223,204558,AlPatch_2_0,7328.8752026597,7328.9730924942
0,252310,202758,AlPatch_2_1,10209.721312534,10209.820480234
0,252309,202758,AlPatch_2_1,10209.721312534,10209.815927006
0,252408,200387,AlPatch_1_1,33061.499976993,33061.602576295
0,252407,200387,AlPatch_1_1,33061.499976993,33061.58894833
0,252772,193299,AlPatch_1_1,33432.678247375,33432.768425353
0,252771,193299,AlPatch_1_1,33432.678247375,33432.768888461
0,252814,192530,AlPatch_1_0,55632.412255947,55632.514731569
0,252813,192530,AlPatch_1_0,55632.412255947,55632.497868317
0,253008,188588,AlPatch_0_0,60579.443544229,60579.543006112
0,253007,188588,AlPatch_0_0,60579.443544229,60579.543897039
0,253088,186876,AlPatch_0_0,3061.5322605455,3061.6264245513
0,253087,186876,AlPatch_0_0,3061.5322605455,3061.6268894098
0,253386,181273,AlPatch_2_0,491.91844001882,492.00642778129
0,253385,181273,AlPatch_2_0,491.91844001882,492.00779360971
0,253438,180090,AlPatch_2_1,2789.3988822146,2789.4923840789
0,253437,180090,AlPatch_2_1,2789.3988822146,2789.4991040813
0,253804,172928,AlPatch_2_1,53523.502776928,53523.598050728
0,253803,172928,AlPatch_2_1,53523.502776928,53523.59647619
0,253840,171934,AlPatch_0_1,32093.598918415,32093.687223811
0,253839,171934,AlPatch_0_1,32093.598918415,32093.685444978
0,253942,170072,AlPatch_0_0,130057.67083883,130057.76439871
0,253941,170072,AlPatch_0_0,130057.67083883,130057.76626352
0,253956,169740,AlPatch_2_1,31606.53308219,31606.629277875
0,253955,169740,AlPatch_2_1,31606.53308219,31606.631417412
0,253986,168889,AlPatch_2_0,301.72137235934,301.80663649295
0,253985,168889,AlPatch_2_0,301.72137235934,301.81343500863
0,254344,161321,AlPatch_2_0,456.44341493529,456.54787769696
0,254343,161321,AlPatch_2_0,456.44341493529,456.5487720422
0,254492,157755,AlPatch_2_0,251.81014244047,251.89722367281
0,254491,157755,AlPatch_2_0,251.81014244047,251.89661770325
0,254570,155947,AlPatch_2_0,6101.6107575691,6101.7091427739
0,254569,155947,AlPatch_2_0,6101.6107575691,6101.7034177702
0,254732,152889,AlPatch_1_1,27874.304531642,27874.396716266
0,254731,152889,AlPatch_1_1,27874.304531642,27874.396399791
0,255112,144307,AlPatch_0_1,40144.712568398,40144.798156097
0,255111,144307,AlPatch_0_1,40144.712568398,40144.797841195
0,255376,138833,AlPatch_2_0,19348.807721094,19348.898417542
0,255375,138833,AlPatch_2_0,19348.807721094,19348.905319324
0,255740,131459,AlPatch_2_0,122666.31063449,122666.40961158
0,255739,131459,AlPatch_2_0,122666.31063449,122666.4013538
0,255752,131151,AlPatch_2_1,41277.454395916,41277.550067471
0,255751,131151,AlPatch_2_1,41277.454395916,41277.547890896
0,256228,121413,AlPatch_2_1,84709.028916836,84709.11836834
0,256227,121413,AlPatch_2_1,84709.028916836,84709.123154412
0,256280,120364,AlPatch_1_0,35023.303113149,35023.396856824
0,256279,120364,AlPatch_1_0,35023.303113149,35023.391310912
0,256322,119469,AlPatch_1_0,3226.980518318,3227.0714709962
0,256321,119469,AlPatch_1_0,3226.980518318,3227.0791173545
0,256480,116016,AlPatch_1_0,47404.870470999,47404.960406465
0,256479,116016,AlPatch_1_0,47404.870470999,47404.971575337
0,256946,106271,AlPatch_0_0,5800.5912320043,5800.6876497901
0,256945,106271,AlPatch_0_0,5800.5912320043,5800.680100429
0,257166,101446,AlPatch_1_0,42967.626694394,42967.729029997
0,257165,101446,AlPatch_1_0,42967.626694394,42967.713445872
0,257248,99845,AlPatch_2_1,30280.732922724,30280.830171449
0,257247,99845,AlPatch_2_1,30280.732922724,30280.826436808
0,258038,82111,AlPatch_2_1,27785.763050015,27785.865379071
0,258037,82111,AlPatch_2_1,27785.763050015,27785.862267587
0,258118,80553,AlPatch_0_1,76387.708991257,76387.812555429
0,258117,80553,AlPatch_0_1,76387.708991257,76387.811157366
0,258530,72000,AlPatch_2_1,132209.74537305,132209.8405762
0,258529,72000,AlPatch_2_1,132209.74537305,132209.84029492
0,258820,66102,AlPatch_0_0,65440.357609593,65440.449126596
0,258819,66102,AlPatch_0_0,65440.357609593,65440.452437348
0,258900,64699,AlPatch_2_1,2567.1675964915,2567.2579133408
0,258899,64699,AlPatch_2_1,2567.1675964915,2567.26898069
0,258994,62958,AlPatch_2_0,19183.213681734,19183.310115686
0,258993,62958,AlPatch_2_0,19183.213681734,19183.302928634
0,259146,59546,AlPatch_2_0,106553.42466651,106553.51104439
0,259145,59546,AlPatch_2_0,106553.42466651,106553.52698149
0,259294,55942,AlPatch_2_1,92689.389609469,92689.4919712
0,259293,55942,AlPatch_2_1,92689.389609469,92689.476761897
0,259658,48107,AlPatch_0_0,27300.554061065,27300.642901616
0,259657,48107,AlPatch_0_0,27300.554061065,27300.64307056
0,259716,46883,AlPatch_2_1,6878.599425197,6878.6877776796
0,259715,46883,AlPatch_2_1,6878.599425197,6878.6937935234
0,259900,43367,AlPatch_0_0,46176.10129406,46176.18932063
0,259899,43367,AlPatch_0_0,46176.10129406,46176.197808518
0,259910,43308,AlPatch_1_1,54878.641451153,54878.728805012
0,259909,43308,AlPatch_1_1,54878.641451153,54878.729826821
0,260022,40998,AlPatch_1_0,75325.66667155,75325.755333378
0,260021,40998,AlPatch_1_0,75325.66667155,75325.754096943
0,260148,38405,AlPatch_0_1,7046.6080486701,7046.7008660234
0,260147,38405,AlPatch_0_1,7046.6080486701,7046.7015996714
0,260382,32840,AlPatch_1_0,34320.931524348,34321.022674494
0,260381,32840,AlPatch_1_0,34320.931524348,34321.023043188
0,260550,29715,AlPatch_0_0,80414.684220442,80414.774157901
0,260549,29715,AlPatch_0_0,80414.684220442,80414.786246865
0,260858,23429,AlPatch_2_0,1993.2996970541,1993.4017884598
0,260857,23429,AlPatch_2_0,1993.2996970541,1993.3931307397
0,261242,15048,AlPatch_0_1,36603.101090186,36603.205911534
0,261241,15048,AlPatch_0_1,36603.101090186,36603.187068305
0,261298,13934,AlPatch_2_0,29626.046465263,29626.145766898
0,261297,13934,AlPatch_2_0,29626.046465263,29626.139134459
0,261516,9556,AlPatch_0_0,17280.176702607,17280.267738289
0,261515,9556,AlPatch_0_0,17280.176702607,17280.276529521
0,261578,8013,AlPatch_2_0,6238.0354674855,6238.1252479775
0,261577,8013,AlPatch_2_0,6238.0354674855,6238.1262540736
0,261604,7320,AlPatch_2_0,258.32101567787,258.41743529365
0,261603,7320,AlPatch_2_0,258.32101567787,258.41567827221
0,261742,4770,AlPatch_1_0,107402.25552143,107402.3422806
0,261741,4770,AlPatch_1_0,107402.25552143,107402.35732638
0,261902,1478,AlPatch_2_0,105977.86314171,105977.96573042
0,261901,1478,AlPatch_2_0,105977.86314171,105977.96725621
