Event,Track,Parent,Patch,Creation Time [ns],Death Time [ns]
0,2000102,1993854,AlPatch_0_0,10288.183562328,10288.289941256
0,2000101,1993854,AlPatch_0_0,10288.183562328,10288.275136646
0,2000672,1961999,AlPatch_0_0,15200.086477287,15200.175485617
0,2000671,1961999,AlPatch_0_0,15200.086477287,15200.182687367
0,2000696,1960526,AlPatch_0_0,15047.893637864,15047.986568454
0,2000695,1960526,AlPatch_0_0,15047.893637864,15047.988365562
0,2001062,1937370,AlPatch_2_1,1445.3384179098,1445.4287011777
0,2001061,1937370,AlPatch_2_1,1445.3384179098,1445.4291526004
0,2001098,1935238,AlPatch_1_1,1512.2037888899,1512.2973139903
0,2001097,1935238,AlPatch_1_1,1512.2037888899,1512.2893326011
0,2001204,1929154,AlPatch_2_0,1927.2440183592,1927.3452667842
0,2001203,1929154,AlPatch_2_0,1927.2440183592,1927.3411534768
0,2001292,1924168,AlPatch_1_0,2115.1116874121,2115.1996064768
0,2001291,1924168,AlPatch_1_0,2115.1116874121,2115.1998050241
0,2001682,1902349,AlPatch_0_1,7947.9635751701,7948.0530717484
0,2001681,1902349,AlPatch_0_1,7947.9635751701,7948.0602189941
0,2001914,1888484,AlPatch_2_0,2159.7861040204,2159.8764320645
0,2001913,1888484,AlPatch_2_0,2159.7861040204,2159.8788319162
0,2001934,1887366,AlPatch_2_1,1588.2763006904,1588.376415106
0,2001933,1887366,AlPatch_2_1,1588.2763006904,1588.3642288517
0,2002004,1883642,AlPatch_2_0,261.49864841659,261.59582915429
0,2002003,1883642,AlPatch_2_0,261.49864841659,261.6006974742
0,2002274,1868464,AlPatch_1_0,2941.3879070501,2941.4737483414
0,2002273,1868464,AlPatch_1_0,2941.3879070501,2941.4733716682
0,2002318,1866646,AlPatch_2_0,469.14223345618,469.23607300718
0,2002317,1866646,AlPatch_2_0,469.14223345618,469.23763392507
0,2002330,1866135,AlPatch_0_1,14434.31925603,14434.409943633
0,2002329,1866135,AlPatch_0_1,14434.31925603,14434.417264908
0,2002934,1831848,AlPatch_1_0,2566.9398453432,2567.026893339
0,2002933,1831848,AlPatch_1_0,2566.9398453432,2567.0268671818
0,2003034,1825243,AlPatch_1_1,5137.956625214,5138.0519479285
0,2003033,1825243,AlPatch_1_1,5137.956625214,5138.0525554718
0,2003434,1802833,AlPatch_0_0,11463.291008309,11463.379136365
0,2003433,1802833,AlPatch_0_0,11463.291008309,11463.376966623
0,2003580,1795392,AlPatch_2_1,16852.23777027,16852.330931999
0,2003579,1795392,AlPatch_2_1,16852.23777027,16852.334776093
0,2003864,1777844,AlPatch_1_1,2960.9451038148,2961.0430850043
0,2003863,1777844,AlPatch_1_1,2960.9451038148,2961.0416333128
0,2004182,1759729,AlPatch_2_1,12310.270574734,12310.365054087
0,2004181,1759729,AlPatch_2_1,12310.270574734,12310.367737039
0,2004198,1758841,AlPatch_0_0,12632.986873557,12633.082038587
0,2004197,1758841,AlPatch_0_0,12632.986873557,12633.073620286
0,2004404,1746035,AlPatch_0_1,2156.6748141437,2156.7766235653
0,2004403,1746035,AlPatch_0_1,2156.6748141437,2156.7661673334
0,2004452,1742358,AlPatch_1_1,11677.950601282,11678.043097073
0,2004451,1742358,AlPatch_1_1,11677.950601282,11678.050297301
0,2004520,1739068,AlPatch_2_1,15165.18835624,15165.286088904
0,2004519,1739068,AlPatch_2_1,15165.18835624,15165.285715791
0,2004758,1726903,AlPatch_1_1,12282.731966603,12282.829724528
0,2004757,1726903,AlPatch_1_1,12282.731966603,12282.817474293
0,2004794,1725288,AlPatch_1_1,4792.5831113754,4792.6766303024
0,2004793,1725288,AlPatch_1_1,4792.5831113754,4792.6710198243
0,2004840,1723287,AlPatch_1_0,15419.44049728,15419.530758139
0,2004839,1723287,AlPatch_1_0,15419.44049728,15419.531783197
0,2004920,1718074,AlPatch_0_1,18523.825685281,18523.916462451
0,2004919,1718074,AlPatch_0_1,18523.825685281,18523.922741156
0,2004928,1717807,AlPatch_2_1,19628.013811594,19628.111467739
0,2004927,1717807,AlPatch_2_1,19628.013811594,19628.103623635
0,2005228,1696506,AlPatch_0_1,4328.8133637976,4328.9029373708
0,2005227,1696506,AlPatch_0_1,4328.8133637976,4328.9086387226
0,2005552,1679310,AlPatch_2_0,2880.1344090987,2880.2312135588
0,2005551,1679310,AlPatch_2_0,2880.1344090987,2880.2319151264
0,2005630,1675163,AlPatch_2_0,11414.03538617,11414.131111159
0,2005629,1675163,AlPatch_2_0,11414.03538617,11414.135991948
0,2005936,1657649,AlPatch_1_0,7811.3051034006,7811.3937845404
0,2005935,1657649,AlPatch_1_0,7811.3051034006,7811.3935186209
0,2006008,1652573,AlPatch_0_0,13266.453555922,13266.553453807
0,2006007,1652573,AlPatch_0_0,13266.453555922,13266.542023768
0,2006058,1649335,AlPatch_0_0,6937.5068101186,6937.5969606446
0,2006057,1649335,AlPatch_0_0,6937.5068101186,6937.6044225705
0,2006236,1638204,AlPatch_1_0,8103.8738074276,8103.9657692407
0,2006235,1638204,AlPatch_1_0,8103.8738074276,8103.9723803438
0,2006294,1634791,AlPatch_1_0,13353.163036051,13353.254032348
0,2006293,1634791,AlPatch_1_0,13353.163036051,13353.257314961
0,2006458,1624468,AlPatch_0_1,15465.976321096,15466.068739422
0,2006457,1624468,AlPatch_0_1,15465.976321096,15466.068760669
0,2006512,1621474,AlPatch_2_0,665.59768846119,665.6830240862
0,2006511,1621474,AlPatch_2_0,665.59768846119,665.69091114836
0,2006546,1619326,AlPatch_1_1,12907.779130276,12907.86707337
0,2006545,1619326,AlPatch_1_1,12907.779130276,12907.867972525
0,2006578,1616077,AlPatch_0_1,8327.4164665492,8327.5098302337
0,2006577,1616077,AlPatch_0_1,8327.4164665492,8327.502491787
0,2006612,1613973,AlPatch_1_0,11192.643415176,11192.728612826
0,2006611,1613973,AlPatch_1_0,11192.643415176,11192.737183338
0,2006668,1609453,AlPatch_2_0,3652.1592117612,3652.2444723675
0,2006667,1609453,AlPatch_2_0,3652.1592117612,3652.2614820437
0,2006796,1603187,AlPatch_2_1,7990.8345252006,7990.9198462051
0,2006795,1603187,AlPatch_2_1,7990.8345252006,7990.9199080361
0,2007120,1584125,AlPatch_0_0,9221.2756285331,9221.3775485141
0,2007119,1584125,AlPatch_0_0,9221.2756285331,9221.3689178864
0,2007408,1563847,AlPatch_1_0,2301.4514958261,2301.5388182319
0,2007407,1563847,AlPatch_1_0,2301.4514958261,2301.5447672786
0,2007536,1557094,AlPatch_0_1,5484.7829338037,5484.8711674272
0,2007535,1557094,AlPatch_0_1,5484.7829338037,5484.8824716641
0,2007836,1538579,AlPatch_2_0,446.86433959984,446.96242862105
0,2007835,1538579,AlPatch_2_0,446.86433959984,446.9547331257
0,2007930,1532517,AlPatch_2_1,6062.47663465,6062.5686549541
0,2007929,1532517,AlPatch_2_1,6062.47663465,6062.5811289791
0,2008014,1527234,AlPatch_1_0,2734.0727557228,2734.1622872729
0,2008013,1527234,AlPatch_1_0,2734.0727557228,2734.161759946
0,2008234,1514773,AlPatch_2_0,731.74596564553,731.83939978868
0,2008233,1514773,AlPatch_2_0,731.74596564553,731.83708124709
0,2008594,1493156,AlPatch_2_0,12132.223052379,12132.31646878
0,2008593,1493156,AlPatch_2_0,12132.223052379,12132.318739901
0,2008704,1487654,AlPatch_1_1,9725.5679265467,9725.6702279925
0,2008703,1487654,AlPatch_1_1,9725.5679265467,9725.6549677886
0,2008792,1482390,AlPatch_1_1,4665.214853801,4665.301028929
0,2008791,1482390,AlPatch_1_1,4665.214853801,4665.3209745619
0,2009350,1453433,AlPatch_1_0,991.36922951637,991.45625021909
0,2009349,1453433,AlPatch_1_0,991.36922951638,991.45530904776
0,2009380,1451650,AlPatch_0_0,8003.4493442936,8003.5372997082
0,2009379,1451650,AlPatch_0_0,8003.4493442936,8003.5378679785
0,2009546,1440964,AlPatch_1_0,7161.3027065241,7161.3934068579
0,2009545,1440964,AlPatch_1_0,7161.3027065241,7161.4013008619
0,2010318,1398098,AlPatch_0_1,2044.795813392,2044.8834115922
0,2010317,1398098,AlPatch_0_1,2044.795813392,2044.8858516831
0,2010470,1390082,AlPatch_2_1,3508.3290787453,3508.4168911333
0,2010469,1390082,AlPatch_2_1,3508.3290787453,3508.4165843659
0,2011158,1350255,AlPatch_0_0,2689.8681489704,2689.9592140156
0,2011157,1350255,AlPatch_0_0,2689.8681489704,2689.9572268336
0,2011170,1349136,AlPatch_0_0,3721.7767372383,3721.8673601924
0,2011169,1349136,AlPatch_0_0,3721.7767372383,3721.8687390945
0,2011532,1329324,AlPatch_2_1,17982.412144122,17982.51441838
0,2011531,1329324,AlPatch_2_1,17982.412144122,17982.513063397
0,2011542,1328774,AlPatch_0_0,12156.312759831,12156.404386533
0,2011541,1328774,AlPatch_0_0,12156.312759831,12156.411119634
0,2011572,1327006,AlPatch_2_0,2503.4341056183,2503.5323742965
0,2011571,1327006,AlPatch_2_0,2503.4341056183,2503.520628789
0,2011706,1318837,AlPatch_2_0,15269.744045585,15269.836788919
0,2011705,1318837,AlPatch_2_0,15269.744045585,15269.84110649
0,2011884,1307359,AlPatch_2_1,11491.373894825,11491.463166412
0,2011883,1307359,AlPatch_2_1,11491.373894825,11491.466020174
0,2011970,1302585,AlPatch_2_0,704.37448554634,704.46359270764
0,2011969,1302585,AlPatch_2_0,704.37448554634,704.46046517404
0,2012030,1299302,AlPatch_1_0,2234.6269180176,2234.7233905592
0,2012029,1299302,AlPatch_1_0,2234.6269180176,2234.7173344283
0,2012240,1284810,AlPatch_1_1,14313.484827101,14313.575282371
0,2012239,1284810,AlPatch_1_1,14313.484827101,14313.584048905
0,2012286,1281946,AlPatch_1_1,14734.8516362,14734.95281285
0,2012285,1281946,AlPatch_1_1,14734.8516362,14734.939732647
0,2012444,1273492,AlPatch_1_1,3232.3819753194,3232.4748056864
0,2012443,1273492,AlPatch_1_1,3232.3819753194,3232.4739396769
0,2012474,1271135,AlPatch_1_0,3914.4171064479,3914.5043527097
0,2012473,1271135,AlPatch_1_0,3914.4171064479,3914.5082523913
0,2012838,1251117,AlPatch_1_1,3706.0383267743,3706.1390006475
0,2012837,1251117,AlPatch_1_1,3706.0383267743,3706.125425505
0,2012864,1249231,AlPatch_2_0,8179.1615737359,8179.2590081468
0,2012863,1249231,AlPatch_2_0,8179.1615737359,8179.2570695613
0,2012924,1245333,AlPatch_0_0,10342.320291426,10342.420458773
0,2012923,1245333,AlPatch_0_0,10342.320291426,10342.408081884
0,2013076,1236095,AlPatch_2_0,810.84545062288,810.93672635439
0,2013075,1236095,AlPatch_2_0,810.84545062288,810.93235321057
0,2013196,1228994,AlPatch_2_0,7078.979251928,7079.0795457637
0,2013195,1228994,AlPatch_2_0,7078.979251928,7079.0796881492
0,2013770,1195517,AlPatch_0_0,8409.1424221671,8409.2411997271
0,2013769,1195517,AlPatch_0_0,8409.1424221671,8409.230005772
0,2013790,1194091,AlPatch_1_1,11175.578219983,11175.6778041
0,2013789,1194091,AlPatch_1_1,11175.578219983,11175.67823535
0,2014102,1177425,AlPatch_2_0,14156.149146214,14156.245558105
0,2014101,1177425,AlPatch_2_0,14156.149146214,14156.236997392
0,2014190,1172666,AlPatch_1_1,20559.78839985,20559.878604675
0,2014189,1172666,AlPatch_1_1,20559.78839985,20559.876045723
0,2015022,1125371,AlPatch_0_1,6901.5002685516,6901.5871366877
0,2015021,1125371,AlPatch_0_1,6901.5002685516,6901.5872616131
0,2015252,1113519,AlPatch_2_1,2303.3556696956,2303.4433387057
0,2015251,1113519,AlPatch_2_1,2303.3556696956,2303.4431964629
0,2015612,1093676,AlPatch_2_0,1823.0064685604,1823.0968796672
0,2015611,1093676,AlPatch_2_0,1823.0064685604,1823.0928794166
0,2015780,1084255,AlPatch_1_1,7981.8911569851,7981.9773143552
0,2015779,1084255,AlPatch_1_1,7981.8911569851,7981.9889091408
0,2015814,1082716,AlPatch_2_0,4017.4637859098,4017.5538966984
0,2015813,1082716,AlPatch_2_0,4017.4637859098,4017.5615586781
0,2015834,1081763,AlPatch_2_1,5883.5553971101,5883.642623451
0,2015833,1081763,AlPatch_2_1,5883.5553971101,5883.6516530508
0,2015858,1080509,AlPatch_2_0,653.85129273843,653.95353006713
0,2015857,1080509,AlPatch_2_0,653.85129273843,653.94048038875
0,2015906,1077721,AlPatch_0_0,3397.5005658517,3397.5876038946
0,2015905,1077721,AlPatch_0_0,3397.5005658517,3397.5879580363
0,2015930,1076151,AlPatch_2_0,23409.168836477,23409.260927488
0,2015929,1076151,AlPatch_2_0,23409.168836477,23409.260362955
0,2015934,1075865,AlPatch_2_0,2139.5341648187,2139.620066104
0,2015933,1075865,AlPatch_2_0,2139.5341648187,2139.6203646173
0,2015938,1075691,AlPatch_1_0,10376.245120335,10376.335429417
0,2015937,1075691,AlPatch_1_0,10376.245120335,10376.336607077
0,2016128,1064048,AlPatch_1_0,13103.183895024,13103.276350882
0,2016127,1064048,AlPatch_1_0,13103.183895024,13103.276133438
0,2016164,1061323,AlPatch_0_0,1395.2912080707,1395.3903751618
0,2016163,1061323,AlPatch_0_0,1395.2912080707,1395.3901854918
0,2016344,1049096,AlPatch_1_1,1459.5274613381,1459.6148012924
0,2016343,1049096,AlPatch_1_1,1459.5274613381,1459.6288562199
0,2017312,991876,AlPatch_2_0,282.45877399562,282.54633059611
0,2017311,991876,AlPatch_2_0,282.45877399562,282.55954062937
0,2017526,981001,AlPatch_1_1,3513.609888541,3513.6980077206
0,2017525,981001,AlPatch_1_1,3513.609888541,3513.6960332711
0,2017662,972171,AlPatch_2_0,9426.4510333731,9426.5495328458
0,2017661,972171,AlPatch_2_0,9426.4510333731,9426.5498479359
0,2017980,953341,AlPatch_1_1,728.69213767343,728.79372000441
0,2017979,953341,AlPatch_1_1,728.69213767343,728.77857042011
0,2018354,931849,AlPatch_2_0,775.93574747758,776.0356177633
0,2018353,931849,AlPatch_2_0,775.93574747758,776.02441860666
0,2018650,916470,AlPatch_2_0,1555.8181210605,1555.903854324
0,2018649,916470,AlPatch_2_0,1555.8181210605,1555.9039975359
0,2018656,916202,AlPatch_0_0,9073.2956158444,9073.3808364933
0,2018655,916202,AlPatch_0_0,9073.2956158444,9073.3840744467
0,2018686,914505,AlPatch_1_0,4464.1506860719,4464.2463105581
0,2018685,914505,AlPatch_1_0,4464.1506860719,4464.2404159787
0,2018704,913366,AlPatch_0_1,20645.509471364,20645.600019928
0,2018703,913366,AlPatch_0_1,20645.509471364,20645.609421318
0,2018772,909317,AlPatch_2_1,2016.108300822,2016.2007697594
0,2018771,909317,AlPatch_2_1,2016.108300822,2016.2005812099
0,2019122,890498,AlPatch_1_0,6836.0888696644,6836.1754397831
0,2019121,890498,AlPatch_1_0,6836.0888696644,6836.1910355583
0,2019184,886547,AlPatch_1_0,1014.407621508,1014.5010112957
0,2019183,886547,AlPatch_1_0,1014.407621508,1014.5043217404
0,2019298,880830,AlPatch_2_0,741.39309306928,741.48692664024
0,2019297,880830,AlPatch_2_0,741.39309306928,741.48514522625
0,2019590,864972,AlPatch_1_0,4507.6181213572,4507.7053392041
0,2019589,864972,AlPatch_1_0,4507.6181213572,4507.7046035332
0,2019812,849723,AlPatch_1_0,1833.4564418904,1833.5520755308
0,2019811,849723,AlPatch_1_0,1833.4564418904,1833.5493981313
0,2020120,829869,AlPatch_1_0,1681.7638011962,1681.8608605909
0,2020119,829869,AlPatch_1_0,1681.7638011962,1681.8557145886
0,2020146,828592,AlPatch_2_0,13560.260941182,13560.35645693
0,2020145,828592,AlPatch_2_0,13560.260941182,13560.355375777
0,2020230,823136,AlPatch_2_0,256.46723860673,256.55812480443
0,2020229,823136,AlPatch_2_0,256.46723860673,256.56161057086
0,2020400,812083,AlPatch_0_0,14290.195369753,14290.290640309
0,2020399,812083,AlPatch_0_0,14290.195369753,14290.295226189
0,2020584,801223,AlPatch_1_1,954.36036565417,954.45164026521
0,2020583,801223,AlPatch_1_1,954.36036565417,954.45292602788
0,2020612,797886,AlPatch_1_1,2717.8953527759,2717.9911826122
0,2020611,797886,AlPatch_1_1,2717.8953527759,2717.9810545724
0,2021124,764339,AlPatch_1_1,15872.993720646,15873.095999083
0,2021123,764339,AlPatch_1_1,15872.993720646,15873.085614969
0,2021170,761344,AlPatch_2_0,249.93353822288,250.02782215603
0,2021169,761344,AlPatch_2_0,249.93353822288,250.02244537492
0,2021464,745764,AlPatch_2_0,287.19277816186,287.29226833107
0,2021463,745764,AlPatch_2_0,287.19277816186,287.28231719927
0,2022038,713855,AlPatch_0_0,1737.8277342135,1737.9216317129
0,2022037,713855,AlPatch_0_0,1737.8277342135,1737.9231808659
0,2022114,707846,AlPatch_0_1,15683.115387353,15683.202576802
0,2022113,707846,AlPatch_0_1,15683.115387353,15683.206566418
0,2022132,706310,AlPatch_2_1,1979.8719853594,1979.9596763922
0,2022131,706310,AlPatch_2_1,1979.8719853594,1979.9721762355
0,2022176,703804,AlPatch_2_1,838.75900243836,838.84670662049
0,2022175,703804,AlPatch_2_1,838.75900243836,838.8468553236
0,2022232,700270,AlPatch_2_0,3497.0226658372,3497.112902941
0,2022231,700270,AlPatch_2_0,3497.0226658372,3497.1221737353
0,2022234,700259,AlPatch_2_1,6959.6651815569,6959.7628807477
0,2022233,700259,AlPatch_2_1,6959.6651815569,6959.7553778991
0,2023092,648663,AlPatch_1_1,4411.2187421562,4411.3079571151
0,2023091,648663,AlPatch_1_1,4411.2187421562,4411.3065955631
0,2023264,639188,AlPatch_2_0,927.17674667404,927.27029238593
0,2023263,639188,AlPatch_2_0,927.17674667404,927.27327674001
0,2023274,638554,AlPatch_2_1,11192.20658099,11192.298962637
0,2023273,638554,AlPatch_2_1,11192.20658099,11192.300362543
0,2023446,629454,AlPatch_2_0,258.96401787869,259.06293907035
0,2023445,629454,AlPatch_2_0,258.96401787869,259.05524437527
0,2023464,628614,AlPatch_2_0,11764.62293206,11764.715764128
0,2023463,628614,AlPatch_2_0,11764.62293206,11764.720518562
0,2023476,628105,AlPatch_1_1,1959.5327269683,1959.6257658219
0,2023475,628105,AlPatch_1_1,1959.5327269683,1959.6338804489
0,2023576,621002,AlPatch_0_0,12730.541965783,12730.642331759
0,2023575,621002,AlPatch_0_0,12730.541965783,12730.628072598
0,2023860,607301,AlPatch_2_1,2535.5448713279,2535.6436861973
0,2023859,607301,AlPatch_2_1,2535.5448713279,2535.6344833546
0,2023958,600954,AlPatch_2_1,16288.026465994,16288.116469409
0,2023957,600954,AlPatch_2_1,16288.026465994,16288.123854996
0,2024112,592216,AlPatch_2_0,7517.8041078675,7517.8955533663
0,2024111,592216,AlPatch_2_0,7517.8041078675,7517.9086994959
0,2024240,585786,AlPatch_2_0,506.72721603735,506.82192190321
0,2024239,585786,AlPatch_2_0,506.72721603735,506.81785128412
0,2024332,580704,AlPatch_0_1,4671.182086017,4671.2712619835
0,2024331,580704,AlPatch_0_1,4671.182086017,4671.2723354078
0,2024564,565107,AlPatch_2_0,242.57733117811,242.67961024607
0,2024563,565107,AlPatch_2_0,242.57733117811,242.66475018116
0,2024798,548175,AlPatch_0_0,8978.3093543297,8978.3979338607
0,2024797,548175,AlPatch_0_0,8978.3093543297,8978.4095022468
0,2025026,535664,AlPatch_0_0,7514.1526137871,7514.2471858615
0,2025025,535664,AlPatch_0_0,7514.1526137871,7514.246672011
0,2025088,532124,AlPatch_2_0,4093.9252422732,4094.0200974366
0,2025087,532124,AlPatch_2_0,4093.9252422732,4094.0175026469
0,2025816,486516,AlPatch_1_0,6265.0009386805,6265.090738663
0,2025815,486516,AlPatch_1_0,6265.0009386805,6265.108773386
0,2025854,484220,AlPatch_0_0,4348.738780413,4348.8291614771
0,2025853,484220,AlPatch_0_0,4348.738780413,4348.8293965514
0,2025922,480064,AlPatch_2_0,468.3574567368,468.44680645571
0,2025921,480064,AlPatch_2_0,468.3574567368,468.45199186242
0,2026230,462082,AlPatch_2_0,679.40641406369,679.50119508586
0,2026229,462082,AlPatch_2_0,679.40641406369,679.50456140555
0,2026334,455579,AlPatch_0_0,2357.6294943612,2357.7232107507
0,2026333,455579,AlPatch_0_0,2357.6294943612,2357.7296490655
0,2026430,450432,AlPatch_1_0,13555.651096566,13555.743187393
0,2026429,450432,AlPatch_1_0,13555.651096566,13555.752681717
0,2026544,444804,AlPatch_1_1,850.02425155672,850.118647888
0,2026543,444804,AlPatch_1_1,850.02425155672,850.11872230263
0,2026570,443345,AlPatch_2_0,9853.6691475089,9853.7583279789
0,2026569,443345,AlPatch_2_0,9853.6691475089,9853.7577110722
0,2026878,425205,AlPatch_0_1,5552.8953289574,5552.9848197407
0,2026877,425205,AlPatch_0_1,5552.8953289574,5552.9848268244
0,2026902,423128,AlPatch_1_0,11894.052042072,11894.14478621
0,2026901,423128,AlPatch_1_0,11894.052042072,11894.145657167
0,2027058,415710,AlPatch_0_0,10986.872605834,10986.971440474
0,2027057,415710,AlPatch_0_0,10986.872605834,10986.969449735
0,2027074,414875,AlPatch_1_1,5953.4434006326,5953.53993529
0,2027073,414875,AlPatch_1_1,5953.4434006326,5953.5319317553
0,2027112,412220,AlPatch_2_1,5644.2400596764,5644.3343325209
0,2027111,412220,AlPatch_2_1,5644.2400596764,5644.3273556693
0,2027330,398181,AlPatch_2_0,1279.1045500247,1279.1939118606
0,2027329,398181,AlPatch_2_0,1279.1045500247,1279.2017381962
0,2027592,381717,AlPatch_2_0,13884.251553384,13884.348757485
0,2027591,381717,AlPatch_2_0,13884.251553384,13884.342419957
0,2027812,369670,AlPatch_1_0,8619.1156312833,8619.2087499061
0,2027811,369670,AlPatch_1_0,8619.1156312833,8619.2111665578
0,2027888,364140,AlPatch_2_0,5482.9162692635,5483.0051804667
0,2027887,364140,AlPatch_2_0,5482.9162692635,5483.0038196097
0,2028220,345543,AlPatch_2_0,267.82372521922,267.92351591825
0,2028219,345543,AlPatch_2_0,267.82372521922,267.92009164663
0,2028414,334548,AlPatch_2_0,16852.612536189,16852.713127972
0,2028413,334548,AlPatch_2_0,16852.612536189,16852.698303862
0,2028478,330519,AlPatch_2_0,934.22417710802,934.31416397559
0,2028477,330519,AlPatch_2_0,934.22417710802,934.32297231308
0,2028498,329740,AlPatch_2_0,561.74252297064,561.84033199102
0,2028497,329740,AlPatch_2_0,561.74252297064,561.83438406516
0,2029708,258516,AlPatch_2_0,504.61960014394,504.71871843747
0,2029707,258516,AlPatch_2_0,504.61960014394,504.70545102868
0,2029894,246063,AlPatch_2_1,3651.4755249163,3651.572528514
0,2029893,246063,AlPatch_2_1,3651.4755249163,3651.5720590747
0,2030326,221801,AlPatch_2_0,267.98479372503,268.08348366314
0,2030325,221801,AlPatch_2_0,267.98479372503,268.07482766039
0,2030662,201165,AlPatch_1_1,10170.015305777,10170.101478303
0,2030661,201165,AlPatch_1_1,10170.015305777,10170.105519575
0,2031440,157701,AlPatch_1_1,4211.7093865804,4211.8075175689
0,2031439,157701,AlPatch_1_1,4211.7093865804,4211.7964254997
0,2031588,150586,AlPatch_1_1,15811.511577357,15811.612155701
0,2031587,150586,AlPatch_1_1,15811.511577357,15811.609712845
0,2031650,146712,AlPatch_2_0,1185.6769302077,1185.7679735531
0,2031649,146712,AlPatch_2_0,1185.6769302077,1185.7641472344
0,2032646,86526,AlPatch_0_0,1416.9368864645,1417.0234820353
0,2032645,86526,AlPatch_0_0,1416.9368864645,1417.023162801
0,2032700,83137,AlPatch_2_0,8166.1698334011,8166.2619751947
0,2032699,83137,AlPatch_2_0,8166.1698334011,8166.258473976
0,2032982,64852,AlPatch_1_0,4967.8658914618,4967.9546419884
0,2032981,64852,AlPatch_1_0,4967.8658914618,4967.9552777007
0,2033010,63388,AlPatch_2_1,9043.9135648515,9044.0003991349
0,2033009,63388,AlPatch_2_1,9043.9135648516,9044.0128344833
0,2033040,61081,AlPatch_1_0,1410.7942249219,1410.8933223967
0,2033039,61081,AlPatch_1_0,1410.7942249219,1410.8950335423
0,2033044,60764,AlPatch_0_0,5905.1474956324,5905.2370915106
0,2033043,60764,AlPatch_0_0,5905.1474956324,5905.2369397983
0,2033064,60004,AlPatch_2_1,3960.0014885675,3960.0964106994
0,2033063,60004,AlPatch_2_1,3960.0014885675,3960.0990475448
0,2033082,59227,AlPatch_1_1,1981.8527681789,1981.9418328948
0,2033081,59227,AlPatch_1_1,1981.8527681789,1981.9414188084
0,2033130,56139,AlPatch_2_1,13953.001484519,13953.092286828
0,2033129,56139,AlPatch_2_1,13953.001484519,13953.094685139
0,2033208,52266,AlPatch_2_0,1488.2269649895,1488.3137729144
0,2033207,52266,AlPatch_2_0,1488.2269649895,1488.3176781536
0,2033250,49521,AlPatch_2_0,560.26856032836,560.36951957693
0,2033249,49521,AlPatch_2_0,560.26856032836,560.36565372662
0,2033360,42745,AlPatch_0_1,5346.5590197388,5346.656126953
0,2033359,42745,AlPatch_0_1,5346.5590197388,5346.6516047147
0,2033670,24824,AlPatch_0_0,10904.884100427,10904.98376123
0,2033669,24824,AlPatch_0_0,10904.884100427,10904.972578107
0,2033804,19165,AlPatch_2_1,13450.303446456,13450.402354565
0,2033803,19165,AlPatch_2_1,13450.303446456,13450.391710211
0,2033990,6638,AlPatch_1_0,15251.51555198,15251.605223619
0,2033989,6638,AlPatch_1_0,15251.51555198,15251.607732342
