Event,Track,Parent,Patch,Creation Time [ns],Death Time [ns]
0,250540,237772,AlPatch_1_0,2133.4252872706,2133.5168747476
0,250539,237772,AlPatch_1_0,2133.4252872706,2133.5119325259
0,250570,237023,AlPatch_1_0,35028.643119242,35028.737352851
0,250569,237023,AlPatch_1_0,35028.643119242,35028.742785414
0,250794,231666,AlPatch_0_0,103253.29717749,103253.38624054
0,250793,231666,AlPatch_0_0,103253.29717749,103253.38734924
0,250876,229786,AlPatch_1_1,92733.609163062,92733.70674323
0,250875,229786,AlPatch_1_1,92733.609163062,92733.701386492
0,251674,213868,AlPatch_2_0,2588.0450377709,2588.1390242657
0,251673,213868,AlPatch_2_0,2588.0450377709,2588.1408208548
0,251734,212481,AlPatch_2_1,6335.8662679693,6335.954001735
0,251733,212481,AlPatch_2_1,6335.8662679693,6335.9528943838
0,251812,210905,AlPatch_1_1,12361.276495952,12361.362164546
0,251811,210905,AlPatch_1_1,12361.276495952,12361.362247997
0,252014,206100,AlPatch_1_0,34274.439510257,34274.525400151
0,252013,206100,AlPatch_1_0,34274.439510257,34274.532107238
0,252212,201994,AlPatch_2_1,18552.323726546,18552.418269842
0,252211,201994,AlPatch_2_1,18552.323726546,18552.426472105
0,252228,201769,AlPatch_1_1,45156.000749294,45156.092518639
0,252227,201769,AlPatch_1_1,45156.000749294,45156.090968591
0,252748,189860,AlPatch_2_1,14809.265663782,14809.357887512
0,252747,189860,AlPatch_2_1,14809.265663782,14809.35700649
0,252778,189345,AlPatch_2_1,24622.653185414,24622.756550814
0,252777,189345,AlPatch_2_1,24622.653185414,24622.740748273
0,252996,184698,AlPatch_2_0,128258.03003021,128258.12928019
0,252995,184698,AlPatch_2_0,128258.03003021,128258.13143181
0,253022,184206,AlPatch_2_1,57563.989217007,57564.085638537
0,253021,184206,AlPatch_2_1,57563.989217007,57564.085856992
0,253636,172051,AlPatch_1_0,83770.081748816,83770.16909233
0,253635,172051,AlPatch_1_0,83770.081748816,83770.182942163
0,254210,160303,AlPatch_1_0,37696.125810064,37696.224363257
0,254209,160303,AlPatch_1_0,37696.125810064,37696.224735918
0,254486,154208,AlPatch_1_0,12197.323738557,12197.423499516
0,254485,154208,AlPatch_1_0,12197.323738557,12197.419153062
0,254738,149403,AlPatch_2_1,111622.74893244,111622.83696216
0,254737,149403,AlPatch_2_1,111622.74893244,111622.8404653
0,255246,139049,AlPatch_1_1,85746.492839428,85746.583194167
0,255245,139049,AlPatch_1_1,85746.492839428,85746.584676898
0,255374,136335,AlPatch_0_1,19043.374163722,19043.468408335
0,255373,136335,AlPatch_0_1,19043.374163722,19043.4691885
0,255496,134257,AlPatch_2_0,657.9831835465,658.08316336143
0,255495,134257,AlPatch_2_0,657.9831835465,658.07634587454
0,255510,134007,AlPatch_1_1,23561.073721002,23561.175533542
0,255509,134007,AlPatch_1_1,23561.073721002,23561.163943188
0,255676,130427,AlPatch_2_1,1290.084599271,1290.1807859033
0,255675,130427,AlPatch_2_1,1290.084599271,1290.1773458298
0,255818,127774,AlPatch_2_0,1018.0434116185,1018.1335540209
0,255817,127774,AlPatch_2_0,1018.0434116185,1018.1411350419
0,256580,111973,AlPatch_1_0,8092.7842158109,8092.8813190163
0,256579,111973,AlPatch_1_0,8092.7842158109,8092.8749448848
0,256904,104579,AlPatch_1_1,3030.7293071378,3030.8280474484
0,256903,104579,AlPatch_1_1,3030.7293071378,3030.830873405
0,257158,99515,AlPatch_1_1,46918.735264002,46918.836096304
0,257157,99515,AlPatch_1_1,46918.735264002,46918.823058663
0,257258,96777,AlPatch_0_1,19363.692238298,19363.781222248
0,257257,96777,AlPatch_0_1,19363.692238298,19363.779947236
0,257296,96171,AlPatch_0_0,57270.547848959,57270.638768788
0,257295,96171,AlPatch_0_0,57270.547848959,57270.638934081
0,257316,95626,AlPatch_0_0,4024.5415488899,4024.6357761936
0,257315,95626,AlPatch_0_0,4024.5415488899,4024.6396400017
0,257426,93349,AlPatch_1_1,13447.656894536,13447.747418827
0,257425,93349,AlPatch_1_1,13447.656894536,13447.747265738
0,257432,93253,AlPatch_2_0,38471.94751671,38472.045379955
0,257431,93253,AlPatch_2_0,38471.94751671,38472.044665265
0,257592,89385,AlPatch_2_1,834.66069928035,834.763667984
0,257591,89385,AlPatch_2_1,834.66069928035,834.7469558974
0,258204,77306,AlPatch_1_1,80806.665067867,80806.759205836
0,258203,77306,AlPatch_1_1,80806.665067867,80806.759730874
0,258262,76159,AlPatch_0_1,6333.5309984721,6333.6210952399
0,258261,76159,AlPatch_0_1,6333.5309984721,6333.6283149445
0,258492,71412,AlPatch_1_1,76443.097078001,76443.187860561
0,258491,71412,AlPatch_1_1,76443.097078001,76443.189016653
0,258604,69188,AlPatch_1_1,101172.10689219,101172.19697357
0,258603,69188,AlPatch_1_1,101172.10689219,101172.20807276
0,258682,67660,AlPatch_1_0,38420.378185304,38420.476036571
0,258681,67660,AlPatch_1_0,38420.378185304,38420.476353004
0,258736,66401,AlPatch_2_1,3545.9044639728,3546.0025133826
0,258735,66401,AlPatch_2_1,3545.9044639728,3545.9977282559
0,258882,63724,AlPatch_0_0,67237.664060358,67237.769287601
0,258881,63724,AlPatch_0_0,67237.664060358,67237.767628104
0,259154,57922,AlPatch_1_0,47035.923461673,47036.015293149
0,259153,57922,AlPatch_1_0,47035.923461673,47036.014804988
0,259160,57885,AlPatch_0_0,14850.267043636,14850.357456708
0,259159,57885,AlPatch_0_0,14850.267043636,14850.357938456
0,259450,52069,AlPatch_2_0,26601.290993852,26601.39329006
0,259449,52069,AlPatch_2_0,26601.290993852,26601.392488664
0,259460,52003,AlPatch_1_0,52222.329891341,52222.427034729
0,259459,52003,AlPatch_1_0,52222.329891341,52222.4251726
0,259718,46869,AlPatch_2_0,16130.59867303,16130.693555738
0,259717,46869,AlPatch_2_0,16130.59867303,16130.694995557
0,259732,46728,AlPatch_0_1,15916.933198178,15917.029218547
0,259731,46728,AlPatch_0_1,15916.933198178,15917.022907813
0,259742,46472,AlPatch_2_1,37512.708611755,37512.803812537
0,259741,46472,AlPatch_2_1,37512.708611755,37512.805434507
0,259816,44768,AlPatch_0_1,8278.9822239558,8279.073695658
0,259815,44768,AlPatch_0_1,8278.9822239558,8279.0843748288
0,260120,37793,AlPatch_0_1,18300.832305757,18300.933552838
0,260119,37793,AlPatch_0_1,18300.832305757,18300.933127262
0,260170,36478,AlPatch_2_0,899.10818467641,899.20071532263
0,260169,36478,AlPatch_2_0,899.10818467641,899.20170211438
0,260742,25261,AlPatch_2_1,4350.40216387,4350.496148083
0,260741,25261,AlPatch_2_1,4350.40216387,4350.4894840753
0,260834,23274,AlPatch_2_0,26536.159441637,26536.263384704
0,260833,23274,AlPatch_2_0,26536.159441637,26536.246594158
0,260880,22323,AlPatch_2_1,124931.79520045,124931.88580109
0,260879,22323,AlPatch_2_1,124931.79520045,124931.88067543
0,261278,13629,AlPatch_0_0,21611.891993585,21611.981900815
0,261277,13629,AlPatch_0_0,21611.891993585,21611.979840773
0,261704,4587,AlPatch_1_0,39013.997228352,39014.083519615
0,261703,4587,AlPatch_1_0,39013.997228352,39014.083569599
