Event,Track,Parent,Patch,Creation Time [ns],Death Time [ns]
0,2000702,1960380,AlPatch_0_1,1610.1289278876,1610.2239561344
0,2000701,1960380,AlPatch_0_1,1610.1289278876,1610.2240477794
0,2000812,1953865,AlPatch_2_0,263.60621470233,263.70369289497
0,2000811,1953865,AlPatch_2_0,263.60621470233,263.69217021172
0,2001050,1939227,AlPatch_0_1,11975.158118702,11975.256776211
0,2001049,1939227,AlPatch_0_1,11975.158118702,11975.255248768
0,2001204,1929220,AlPatch_2_0,683.11591014855,683.21394405691
0,2001203,1929220,AlPatch_2_0,683.11591014855,683.21020609474
0,2001460,1915735,AlPatch_0_0,5268.22476088,5268.3202487923
0,2001459,1915735,AlPatch_0_0,5268.22476088,5268.3202205797
0,2001590,1906559,AlPatch_0_1,7749.9458130546,7750.0338834092
0,2001589,1906559,AlPatch_0_1,7749.9458130546,7750.0341426711
0,2001634,1903730,AlPatch_2_0,268.27015228202,268.3606857658
0,2001633,1903730,AlPatch_2_0,268.27015228202,268.36727809542
0,2001986,1885778,AlPatch_1_0,8688.2717678185,8688.362455443
0,2001985,1885778,AlPatch_1_0,8688.2717678185,8688.3604065237
0,2001988,1885731,AlPatch_0_1,4802.5543983513,4802.6525117753
0,2001987,1885731,AlPatch_0_1,4802.5543983513,4802.654897637
0,2002186,1872314,AlPatch_2_0,8179.3225599134,8179.4094379473
0,2002185,1872314,AlPatch_2_0,8179.3225599134,8179.4095701366
0,2002330,1863740,AlPatch_2_0,462.57583717061,462.67569972986
0,2002329,1863740,AlPatch_2_0,462.57583717061,462.66338335617
0,2002488,1854287,AlPatch_2_0,1202.644949198,1202.7449889917
0,2002487,1854287,AlPatch_2_0,1202.644949198,1202.7369442575
0,2002502,1853382,AlPatch_0_1,16179.389097649,16179.477020786
0,2002501,1853382,AlPatch_0_1,16179.389097649,16179.476637999
0,2002684,1840118,AlPatch_1_1,17019.97154323,17020.071651431
0,2002683,1840118,AlPatch_1_1,17019.97154323,17020.066641889
0,2002750,1836239,AlPatch_1_1,6805.6475951187,6805.7335600645
0,2002749,1836239,AlPatch_1_1,6805.6475951187,6805.7409419619
0,2002762,1835471,AlPatch_0_0,7013.2474619583,7013.3359962855
0,2002761,1835471,AlPatch_0_0,7013.2474619583,7013.3359330491
0,2002852,1830382,AlPatch_0_1,6911.136804425,6911.223965269
0,2002851,1830382,AlPatch_0_1,6911.136804425,6911.2265176424
0,2002942,1823311,AlPatch_2_1,7636.4821722228,7636.5689649258
0,2002941,1823311,AlPatch_2_1,7636.4821722228,7636.5746497958
0,2003144,1811497,AlPatch_2_0,1135.6820634529,1135.786598093
0,2003143,1811497,AlPatch_2_0,1135.6820634529,1135.7839180781
0,2003216,1807465,AlPatch_2_0,4553.5168198974,4553.6055432915
0,2003215,1807465,AlPatch_2_0,4553.5168198974,4553.6138702278
0,2003414,1795336,AlPatch_2_0,3537.652766464,3537.7404172586
0,2003413,1795336,AlPatch_2_0,3537.652766464,3537.7390599827
0,2003448,1794031,AlPatch_1_0,3201.866520742,3201.9565045521
0,2003447,1794031,AlPatch_1_0,3201.866520742,3201.9566931596
0,2004142,1754260,AlPatch_2_1,2899.4600781543,2899.5627095377
0,2004141,1754260,AlPatch_2_1,2899.4600781543,2899.5633431811
0,2004566,1729665,AlPatch_2_1,14474.503984327,14474.595220839
0,2004565,1729665,AlPatch_2_1,14474.503984327,14474.598675379
0,2004946,1707983,AlPatch_1_0,783.98290544025,784.06940714832
0,2004945,1707983,AlPatch_1_0,783.98290544025,784.07647764655
0,2005194,1691252,AlPatch_2_1,13019.192130116,13019.286778933
0,2005193,1691252,AlPatch_2_1,13019.192130116,13019.286622951
0,2005292,1684532,AlPatch_2_0,289.57210166065,289.66374321527
0,2005291,1684532,AlPatch_2_0,289.57210166065,289.66745483999
0,2005748,1658371,AlPatch_0_1,4083.925079592,4084.0258928994
0,2005747,1658371,AlPatch_0_1,4083.925079592,4084.0265794124
0,2005922,1648349,AlPatch_2_1,1039.8209591723,1039.9082951594
0,2005921,1648349,AlPatch_2_1,1039.8209591723,1039.9088184864
0,2005940,1647354,AlPatch_1_1,6946.7875450086,6946.8754885743
0,2005939,1647354,AlPatch_1_1,6946.7875450086,6946.8743859018
0,2005954,1646795,AlPatch_0_0,19945.865634127,19945.952607568
0,2005953,1646795,AlPatch_0_0,19945.865634127,19945.968325612
0,2006000,1644373,AlPatch_1_1,4965.8512369803,4965.9426386606
0,2005999,1644373,AlPatch_1_1,4965.8512369803,4965.948893433
0,2006166,1633391,AlPatch_2_0,257.06878726733,257.15446394532
0,2006165,1633391,AlPatch_2_0,257.06878726733,257.17092617504
0,2006314,1627091,AlPatch_0_1,16048.01995676,16048.113353527
0,2006313,1627091,AlPatch_0_1,16048.01995676,16048.118693411
0,2006544,1614829,AlPatch_2_1,15037.698845619,15037.802706606
0,2006543,1614829,AlPatch_2_1,15037.698845619,15037.788816185
0,2007020,1589550,AlPatch_2_1,11853.061860059,11853.163002443
0,2007019,1589550,AlPatch_2_1,11853.061860059,11853.159853733
0,2007192,1580281,AlPatch_1_0,8413.7739485088,8413.8639104259
0,2007191,1580281,AlPatch_1_0,8413.7739485088,8413.8749551491
0,2007216,1579670,AlPatch_2_0,1012.2057975958,1012.2996277016
0,2007215,1579670,AlPatch_2_0,1012.2057975958,1012.2958439568
0,2007240,1578585,AlPatch_2_1,1746.6517865149,1746.7408262926
0,2007239,1578585,AlPatch_2_1,1746.6517865149,1746.7412627712
0,2007272,1577346,AlPatch_0_0,10247.875649905,10247.969615671
0,2007271,1577346,AlPatch_0_0,10247.875649905,10247.977822103
0,2007496,1562452,AlPatch_1_1,2843.9323816435,2844.0262028096
0,2007495,1562452,AlPatch_1_1,2843.9323816435,2844.0220236841
0,2007854,1540700,AlPatch_0_0,10310.762651909,10310.853001407
0,2007853,1540700,AlPatch_0_0,10310.762651909,10310.860893604
0,2007976,1534561,AlPatch_2_0,3176.082028053,3176.1800487117
0,2007975,1534561,AlPatch_2_0,3176.082028053,3176.1766537679
0,2008190,1519835,AlPatch_0_1,15575.453514338,15575.551822387
0,2008189,1519835,AlPatch_0_1,15575.453514338,15575.546327153
0,2008230,1516033,AlPatch_1_1,13059.482508872,13059.572495026
0,2008229,1516033,AlPatch_1_1,13059.482508872,13059.568534462
0,2008434,1505344,AlPatch_1_0,10570.066388833,10570.156969566
0,2008433,1505344,AlPatch_1_0,10570.066388833,10570.158570721
0,2008538,1499483,AlPatch_1_1,1087.9722403352,1088.0623768949
0,2008537,1499483,AlPatch_1_1,1087.9722403352,1088.067708183
0,2008826,1483375,AlPatch_2_1,2541.9219191038,2542.0082138756
0,2008825,1483375,AlPatch_2_1,2541.9219191038,2542.0141833382
0,2009116,1464628,AlPatch_2_1,6372.4904407066,6372.5959386133
0,2009115,1464628,AlPatch_2_1,6372.4904407066,6372.5765748624
0,2009152,1462949,AlPatch_2_0,257.61452150742,257.70364503229
0,2009151,1462949,AlPatch_2_0,257.61452150742,257.71446184511
0,2009212,1459725,AlPatch_1_0,1701.8844586669,1701.9729321559
0,2009211,1459725,AlPatch_1_0,1701.8844586669,1701.970620858
0,2009368,1450054,AlPatch_1_1,15092.172083597,15092.271647931
0,2009367,1450054,AlPatch_1_1,15092.172083597,15092.271896326
0,2009426,1447214,AlPatch_2_0,9646.1569992037,9646.2554521693
0,2009425,1447214,AlPatch_2_0,9646.1569992037,9646.2507433149
0,2009598,1438195,AlPatch_0_0,2165.2580888057,2165.3436308593
0,2009597,1438195,AlPatch_0_0,2165.2580888057,2165.3434115261
0,2009748,1429530,AlPatch_2_0,16123.187201279,16123.275946407
0,2009747,1429530,AlPatch_2_0,16123.187201279,16123.285311615
0,2009936,1420177,AlPatch_2_0,292.43884658384,292.53058856596
0,2009935,1420177,AlPatch_2_0,292.43884658384,292.53002152748
0,2010126,1409267,AlPatch_2_0,7919.420351226,7919.5209426687
0,2010125,1409267,AlPatch_2_0,7919.420351226,7919.5148232826
0,2010242,1401359,AlPatch_1_0,19104.812627258,19104.899751884
0,2010241,1401359,AlPatch_1_0,19104.812627258,19104.899192744
0,2010364,1393591,AlPatch_2_1,17205.943764327,17206.04764276
0,2010363,1393591,AlPatch_2_1,17205.943764327,17206.029779011
0,2010710,1371924,AlPatch_0_1,15002.94312528,15003.029400175
0,2010709,1371924,AlPatch_0_1,15002.94312528,15003.034615175
0,2010762,1369251,AlPatch_0_0,1116.7719289038,1116.8617909741
0,2010761,1369251,AlPatch_0_0,1116.7719289038,1116.8707059411
0,2011032,1351280,AlPatch_0_1,7649.7157762791,7649.8042567654
0,2011031,1351280,AlPatch_0_1,7649.7157762791,7649.813734103
0,2011116,1347340,AlPatch_1_0,10191.12547561,10191.211600258
0,2011115,1347340,AlPatch_1_0,10191.12547561,10191.215167439
0,2011176,1342978,AlPatch_1_0,2512.8664216488,2512.9616879603
0,2011175,1342978,AlPatch_1_0,2512.8664216488,2512.9626086653
0,2011454,1325816,AlPatch_2_0,629.66300698878,629.76079423392
0,2011453,1325816,AlPatch_2_0,629.66300698878,629.7543073029
0,2011504,1322670,AlPatch_2_0,848.21412891466,848.31281507601
0,2011503,1322670,AlPatch_2_0,848.21412891466,848.31208067681
0,2011552,1320278,AlPatch_0_1,5627.5034674292,5627.6010819466
0,2011551,1320278,AlPatch_0_1,5627.5034674292,5627.5980865445
0,2011642,1315570,AlPatch_2_0,5231.9156271304,5232.0217210108
0,2011641,1315570,AlPatch_2_0,5231.9156271304,5232.0183588382
0,2011724,1310450,AlPatch_1_1,9609.6977674218,9609.7841858503
0,2011723,1310450,AlPatch_1_1,9609.6977674218,9609.7990785917
0,2012818,1245773,AlPatch_1_0,18500.939369119,18501.040807663
0,2012817,1245773,AlPatch_1_0,18500.939369119,18501.02469297
0,2012942,1237952,AlPatch_2_0,10023.600867893,10023.686879145
0,2012941,1237952,AlPatch_2_0,10023.600867893,10023.706778836
0,2013018,1233199,AlPatch_1_1,1470.501196795,1470.5977438436
0,2013017,1233199,AlPatch_1_1,1470.501196795,1470.6000750747
0,2013438,1207015,AlPatch_0_0,17173.045982215,17173.135852571
0,2013437,1207015,AlPatch_0_0,17173.045982215,17173.13835041
0,2013538,1201768,AlPatch_2_0,1849.3541904782,1849.4404512731
0,2013537,1201768,AlPatch_2_0,1849.3541904782,1849.4409029942
0,2014220,1157168,AlPatch_0_1,4474.6950641227,4474.7937614376
0,2014219,1157168,AlPatch_0_1,4474.6950641227,4474.7875115134
0,2014370,1148572,AlPatch_2_0,795.21901528202,795.3191790289
0,2014369,1148572,AlPatch_2_0,795.21901528202,795.3086133902
0,2014554,1139357,AlPatch_2_0,648.04884801787,648.14294459791
0,2014553,1139357,AlPatch_2_0,648.04884801787,648.14297996952
0,2014986,1113212,AlPatch_2_0,15262.644636315,15262.734733592
0,2014985,1113212,AlPatch_2_0,15262.644636315,15262.745736529
0,2015140,1104548,AlPatch_1_0,10267.518655138,10267.614085567
0,2015139,1104548,AlPatch_1_0,10267.518655138,10267.604668617
0,2015266,1096717,AlPatch_0_0,8208.6301412672,8208.7242747443
0,2015265,1096717,AlPatch_0_0,8208.6301412672,8208.7257736762
0,2015328,1093207,AlPatch_2_1,4986.3376989566,4986.4370907278
0,2015327,1093207,AlPatch_2_1,4986.3376989566,4986.4399187753
0,2015602,1077993,AlPatch_0_1,15767.333977672,15767.430073316
0,2015601,1077993,AlPatch_0_1,15767.333977672,15767.426621641
0,2015710,1072941,AlPatch_2_0,17554.368419046,17554.466965088
0,2015709,1072941,AlPatch_2_0,17554.368419046,17554.459586369
0,2016392,1031245,AlPatch_2_0,4906.8066548415,4906.8994267874
0,2016391,1031245,AlPatch_2_0,4906.8066548415,4906.8980468732
0,2016642,1013867,AlPatch_2_0,13566.556908982,13566.653003766
0,2016641,1013867,AlPatch_2_0,13566.556908982,13566.642692976
0,2016686,1011251,AlPatch_0_1,7116.7209098077,7116.8082771211
0,2016685,1011251,AlPatch_0_1,7116.7209098077,7116.8177441914
0,2016866,1000934,AlPatch_1_0,10620.864786646,10620.955085724
0,2016865,1000934,AlPatch_1_0,10620.864786646,10620.966256606
0,2016928,997697,AlPatch_1_0,996.65717900242,996.74720372124
0,2016927,997697,AlPatch_1_0,996.65717900242,996.75164279954
0,2017206,981329,AlPatch_0_1,2562.6508131575,2562.740320822
0,2017205,981329,AlPatch_0_1,2562.6508131575,2562.7502244681
0,2017358,973824,AlPatch_0_1,9872.824464455,9872.911024932
0,2017357,973824,AlPatch_0_1,9872.824464455,9872.9109824714
0,2017426,969635,AlPatch_1_0,15400.401082012,15400.492475186
0,2017425,969635,AlPatch_1_0,15400.401082012,15400.498426898
0,2017428,969505,AlPatch_1_1,9295.2292540852,9295.3343522032
0,2017427,969505,AlPatch_1_1,9295.2292540852,9295.3156674089
0,2017592,959946,AlPatch_0_0,1781.5496314642,1781.6363285928
0,2017591,959946,AlPatch_0_0,1781.5496314642,1781.6522446373
0,2018094,929034,AlPatch_0_1,4281.7581145575,4281.8537620841
0,2018093,929034,AlPatch_0_1,4281.7581145575,4281.8524965444
0,2018474,906907,AlPatch_2_0,13649.082802305,13649.179438596
0,2018473,906907,AlPatch_2_0,13649.082802305,13649.17280372
0,2018516,905133,AlPatch_2_0,255.8509533161,255.93999523238
0,2018515,905133,AlPatch_2_0,255.8509533161,255.93961259386
0,2018724,893368,AlPatch_2_0,11079.577779062,11079.673945393
0,2018723,893368,AlPatch_2_0,11079.577779062,11079.669278794
0,2018748,892364,AlPatch_1_0,6917.7671379637,6917.8666468188
0,2018747,892364,AlPatch_1_0,6917.7671379637,6917.8647653119
0,2018954,879151,AlPatch_2_1,14569.245214005,14569.346335715
0,2018953,879151,AlPatch_2_1,14569.245214005,14569.331575037
0,2018984,877495,AlPatch_1_1,4999.8510369456,4999.9385602534
0,2018983,877495,AlPatch_1_1,4999.8510369456,4999.9380940929
0,2019056,872113,AlPatch_1_0,7390.6988610721,7390.7937486264
0,2019055,872113,AlPatch_1_0,7390.6988610721,7390.7923066695
0,2019600,841580,AlPatch_2_1,1046.7875892093,1046.8827748571
0,2019599,841580,AlPatch_2_1,1046.7875892093,1046.8802536486
0,2020200,802591,AlPatch_0_0,14848.351256503,14848.450131767
0,2020199,802591,AlPatch_0_0,14848.351256503,14848.437910894
0,2020214,802033,AlPatch_2_0,509.13989819458,509.24193131155
0,2020213,802033,AlPatch_2_0,509.13989819458,509.22677748484
0,2020472,787292,AlPatch_0_1,4238.2461647957,4238.3435104709
0,2020471,787292,AlPatch_0_1,4238.2461647956,4238.3408400495
0,2020474,786914,AlPatch_2_0,845.14725814273,845.23589210459
0,2020473,786914,AlPatch_2_0,845.14725814273,845.23622378064
0,2020572,781164,AlPatch_0_1,12402.525121064,12402.617417344
0,2020571,781164,AlPatch_0_1,12402.525121064,12402.620767956
0,2020820,766708,AlPatch_1_1,8636.2611510568,8636.3513363319
0,2020819,766708,AlPatch_1_1,8636.2611510568,8636.3608375622
0,2020886,763868,AlPatch_1_0,10552.695907504,10552.783277328
0,2020885,763868,AlPatch_1_0,10552.695907504,10552.782850504
0,2021086,752963,AlPatch_2_0,863.09680655896,863.18914226996
0,2021085,752963,AlPatch_2_0,863.09680655896,863.19893731287
0,2021362,735738,AlPatch_0_1,9231.3642028526,9231.4497323138
0,2021361,735738,AlPatch_0_1,9231.3642028526,9231.462880294
0,2021530,725422,AlPatch_2_1,13565.319319862,13565.42270953
0,2021529,725422,AlPatch_2_1,13565.319319862,13565.420611168
0,2021746,712463,AlPatch_1_1,8417.5117826194,8417.6017244927
0,2021745,712463,AlPatch_1_1,8417.5117826194,8417.604826205
0,2022072,692999,AlPatch_0_0,9502.8963860397,9502.9975214049
0,2022071,692999,AlPatch_0_0,9502.8963860397,9502.9969958951
0,2022192,685806,AlPatch_0_1,9159.6735361833,9159.7590625328
0,2022191,685806,AlPatch_0_1,9159.6735361833,9159.7623557258
0,2022238,683072,AlPatch_0_1,1038.013992595,1038.1137107689
0,2022237,683072,AlPatch_0_1,1038.013992595,1038.1020153506
0,2022294,679635,AlPatch_2_0,255.48825357669,255.58077194146
0,2022293,679635,AlPatch_2_0,255.48825357669,255.57901008687
0,2022446,670028,AlPatch_1_1,11762.284427829,11762.372786031
0,2022445,670028,AlPatch_1_1,11762.284427829,11762.385782294
0,2022756,652003,AlPatch_1_0,5795.4968214372,5795.5989562452
0,2022755,652003,AlPatch_1_0,5795.4968214372,5795.5883541076
0,2022858,646900,AlPatch_1_1,793.80794513279,793.89626468679
0,2022857,646900,AlPatch_1_1,793.80794513279,793.91113233819
0,2023032,636495,AlPatch_2_0,1487.6377441994,1487.7265328618
0,2023031,636495,AlPatch_2_0,1487.6377441994,1487.7365058624
0,2023072,634051,AlPatch_0_0,10158.798942792,10158.897402413
0,2023071,634051,AlPatch_0_0,10158.798942792,10158.889504172
0,2023478,611940,AlPatch_2_1,1689.0755212632,1689.1652186479
0,2023477,611940,AlPatch_2_1,1689.0755212632,1689.1612833728
0,2023916,587138,AlPatch_2_0,2568.0738100685,2568.175206905
0,2023915,587138,AlPatch_2_0,2568.0738100685,2568.1752547715
0,2023932,586067,AlPatch_2_1,9118.102186845,9118.1953663807
0,2023931,586067,AlPatch_2_1,9118.102186845,9118.2035295121
0,2023990,582152,AlPatch_1_1,15804.017294774,15804.102887662
0,2023989,582152,AlPatch_1_1,15804.017294774,15804.102750452
0,2024116,575673,AlPatch_2_0,10063.592482141,10063.679521792
0,2024115,575673,AlPatch_2_0,10063.592482141,10063.693269769
0,2024288,565366,AlPatch_2_0,895.3751450676,895.46273075941
0,2024287,565366,AlPatch_2_0,895.3751450676,895.47329451107
0,2024306,564485,AlPatch_2_1,752.59024436926,752.67722644809
0,2024305,564485,AlPatch_2_1,752.59024436926,752.68512985948
0,2024664,540441,AlPatch_2_0,245.10378604098,245.20648077655
0,2024663,540441,AlPatch_2_0,245.10378604098,245.19859976597
0,2024700,538137,AlPatch_2_0,6443.1419274631,6443.227512354
0,2024699,538137,AlPatch_2_0,6443.1419274631,6443.2459935225
0,2024846,530803,AlPatch_1_1,6781.3936304932,6781.4848214766
0,2024845,530803,AlPatch_1_1,6781.3936304932,6781.4809458939
0,2024930,525696,AlPatch_2_1,2907.290560975,2907.3772632013
0,2024929,525696,AlPatch_2_1,2907.290560975,2907.3873955704
0,2025326,500727,AlPatch_2_0,268.39986994471,268.49395410209
0,2025325,500727,AlPatch_2_0,268.39986994471,268.49884079587
0,2025404,495901,AlPatch_2_1,5034.5628322067,5034.6539584412
0,2025403,495901,AlPatch_2_1,5034.5628322067,5034.6577105214
0,2025458,492869,AlPatch_2_1,5353.6147612944,5353.7153110325
0,2025457,492869,AlPatch_2_1,5353.6147612944,5353.7046485288
0,2025728,477808,AlPatch_0_0,6379.4697402703,6379.5679876076
0,2025727,477808,AlPatch_0_0,6379.4697402703,6379.5675911792
0,2025730,477763,AlPatch_2_1,2323.5960369555,2323.6928916789
0,2025729,477763,AlPatch_2_1,2323.5960369555,2323.6910285049
0,2025768,475499,AlPatch_1_0,4603.2663304136,4603.357647179
0,2025767,475499,AlPatch_1_0,4603.2663304136,4603.3607256231
0,2025892,467653,AlPatch_2_1,12584.963581925,12585.052218987
0,2025891,467653,AlPatch_2_1,12584.963581925,12585.050855857
0,2025946,463305,AlPatch_1_0,4018.3437230329,4018.4307052788
0,2025945,463305,AlPatch_1_0,4018.3437230329,4018.4446938788
0,2025992,460835,AlPatch_0_1,9735.3614894511,9735.4558306235
0,2025991,460835,AlPatch_0_1,9735.3614894511,9735.4579348762
0,2026158,452325,AlPatch_2_0,256.820366272,256.90655518021
0,2026157,452325,AlPatch_2_0,256.820366272,256.92235116947
0,2026184,450200,AlPatch_0_0,6180.2228314764,6180.3182528117
0,2026183,450200,AlPatch_0_0,6180.2228314764,6180.3154244967
0,2026416,434881,AlPatch_1_0,1551.3434418384,1551.4290994657
0,2026415,434881,AlPatch_1_0,1551.3434418384,1551.4289920731
0,2026494,430073,AlPatch_1_1,4580.6357317182,4580.7232274917
0,2026493,430073,AlPatch_1_1,4580.6357317182,4580.7218554723
0,2026662,419711,AlPatch_2_0,7862.2516280738,7862.3497729556
0,2026661,419711,AlPatch_2_0,7862.2516280738,7862.3498871435
0,2027172,387964,AlPatch_0_1,14198.370336504,14198.463520321
0,2027171,387964,AlPatch_0_1,14198.370336504,14198.46299096
0,2027952,336153,AlPatch_2_0,1565.4250244126,1565.5191359128
0,2027951,336153,AlPatch_2_0,1565.4250244126,1565.5264005407
0,2028072,328933,AlPatch_2_0,3112.1223449029,3112.2138997465
0,2028071,328933,AlPatch_2_0,3112.1223449029,3112.2150007362
0,2028174,321460,AlPatch_2_0,11064.952017408,11065.039325774
0,2028173,321460,AlPatch_2_0,11064.952017408,11065.040269441
0,2028336,311550,AlPatch_1_0,11822.026049743,11822.115208111
0,2028335,311550,AlPatch_1_0,11822.026049743,11822.113498859
0,2028452,304623,AlPatch_2_1,9142.6993371521,9142.7955801845
0,2028451,304623,AlPatch_2_1,9142.6993371521,9142.7963185863
0,2028618,295038,AlPatch_1_0,1842.2146164702,1842.3004583459
0,2028617,295038,AlPatch_1_0,1842.2146164702,1842.3004010969
0,2028630,293590,AlPatch_2_0,264.55055687935,264.63936698851
0,2028629,293590,AlPatch_2_0,264.55055687935,264.65001142046
0,2028720,288088,AlPatch_0_1,2983.3424293057,2983.435445855
0,2028719,288088,AlPatch_0_1,2983.3424293057,2983.4333283761
0,2028888,277048,AlPatch_2_0,2922.6823835065,2922.7768944208
0,2028887,277048,AlPatch_2_0,2922.6823835065,2922.7680021343
0,2029242,256276,AlPatch_2_1,1192.8163694424,1192.9173050023
0,2029241,256276,AlPatch_2_1,1192.8163694424,1192.9042737431
0,2029442,242454,AlPatch_2_1,19870.434863895,19870.522353289
0,2029441,242454,AlPatch_2_1,19870.434863895,19870.526191571
0,2029690,228126,AlPatch_1_1,16764.843593151,16764.929797625
0,2029689,228126,AlPatch_1_1,16764.843593151,16764.93065614
0,2030166,204631,AlPatch_2_1,14232.293482721,14232.392194589
0,2030165,204631,AlPatch_2_1,14232.293482721,14232.385376533
0,2030238,200427,AlPatch_1_1,6475.2988037686,6475.3876398391
0,2030237,200427,AlPatch_1_1,6475.2988037686,6475.3887686117
0,2030486,184449,AlPatch_1_1,767.53422184812,767.62207512249
0,2030485,184449,AlPatch_1_1,767.53422184812,767.62759387298
0,2030520,182918,AlPatch_1_0,11179.326394351,11179.422472419
0,2030519,182918,AlPatch_1_0,11179.326394351,11179.428288495
0,2030684,173812,AlPatch_0_0,8763.7501164623,8763.8480104969
0,2030683,173812,AlPatch_0_0,8763.7501164623,8763.8467671542
0,2030716,172721,AlPatch_0_0,5116.4835491911,5116.5806037373
0,2030715,172721,AlPatch_0_0,5116.4835491911,5116.5800971666
0,2030800,167647,AlPatch_2_0,460.64968800607,460.75434325929
0,2030799,167647,AlPatch_2_0,460.64968800607,460.73644102408
0,2030838,165932,AlPatch_1_1,6723.7869623927,6723.885473607
0,2030837,165932,AlPatch_1_1,6723.7869623927,6723.880274695
0,2030864,163724,AlPatch_2_0,9536.7343232568,9536.8276743127
0,2030863,163724,AlPatch_2_0,9536.7343232568,9536.8262741192
0,2031434,129676,AlPatch_0_0,14142.553716147,14142.655476171
0,2031433,129676,AlPatch_0_0,14142.553716147,14142.646388135
0,2031566,121536,AlPatch_2_0,556.37404644938,556.46773391958
0,2031565,121536,AlPatch_2_0,556.37404644938,556.4635021308
0,2031738,110799,AlPatch_0_0,10934.969330768,10935.059108573
0,2031737,110799,AlPatch_0_0,10934.969330768,10935.056055144
0,2031954,98433,AlPatch_1_1,2560.845705012,2560.9425640653
0,2031953,98433,AlPatch_1_1,2560.845705012,2560.9413595016
0,2031972,97558,AlPatch_2_0,314.12167272597,314.22152191025
0,2031971,97558,AlPatch_2_0,314.12167272597,314.21568360081
0,2032058,91787,AlPatch_1_1,18100.649228929,18100.736875778
0,2032057,91787,AlPatch_1_1,18100.649228929,18100.748999376
0,2032156,86455,AlPatch_0_1,2638.268029446,2638.3558772822
0,2032155,86455,AlPatch_0_1,2638.268029446,2638.3557907899
0,2032678,55190,AlPatch_2_1,3227.1814892365,3227.2683022635
0,2032677,55190,AlPatch_2_1,3227.1814892365,3227.2813292741
0,2032786,48151,AlPatch_2_0,249.10940745139,249.19544848054
0,2032785,48151,AlPatch_2_0,249.10940745139,249.19729265167
