Job,Event,Track,Parent,Patch,Creation Time [ns],Death Time [ns]
0,0,31256,30954,AlPatch_2_1,14606.241342583,14606.339543137
0,0,31255,30954,AlPatch_2_1,14606.241342583,14606.331194303
0,0,31416,26871,AlPatch_1_1,89828.896526855,89828.983521453
0,0,31415,26871,AlPatch_1_1,89828.896526855,89828.997836811
0,0,31626,22170,AlPatch_2_0,95917.95469092,95918.041720181
0,0,31625,22170,AlPatch_2_0,95917.95469092,95918.041569333
0,0,32658,88,AlPatch_0_0,26702.669528236,26702.769060643
0,0,32657,88,AlPatch_0_0,26702.669528236,26702.764454008
10,0,31286,30807,AlPatch_0_0,20875.014907419,20875.105734627
10,0,31285,30807,AlPatch_0_0,20875.014907419,20875.105516068
10,0,31384,28918,AlPatch_1_1,19081.250537662,19081.351845356
10,0,31383,28918,AlPatch_1_1,19081.250537662,19081.34553508
10,0,31680,21251,AlPatch_2_0,23892.529470622,23892.630829941
10,0,31679,21251,AlPatch_2_0,23892.529470622,23892.622379732
10,0,31804,18355,AlPatch_2_1,692.65042034514,692.74810969016
10,0,31803,18355,AlPatch_2_1,692.65042034514,692.73625733536
10,0,31858,17680,AlPatch_2_0,5038.5093804437,5038.6026076645
10,0,31857,17680,AlPatch_2_0,5038.5093804437,5038.6036166066
10,0,31872,17347,AlPatch_1_0,747.37603339093,747.46299058675
10,0,31871,17347,AlPatch_1_0,747.37603339093,747.47771298233
10,0,31950,15648,AlPatch_2_0,11232.250722505,11232.348622955
10,0,31949,15648,AlPatch_2_0,11232.250722505,11232.346881503
10,0,32368,6336,AlPatch_1_0,8545.8797538468,8545.9719494817
10,0,32367,6336,AlPatch_1_0,8545.8797538468,8545.9686385829
11,0,31444,26928,AlPatch_1_0,10206.587224076,10206.681894306
11,0,31443,26928,AlPatch_1_0,10206.587224076,10206.679393455
11,0,31598,23654,AlPatch_0_0,141896.35147048,141896.43854576
11,0,31597,23654,AlPatch_0_0,141896.35147048,141896.45579681
11,0,31918,17661,AlPatch_1_0,93911.920031677,93912.00951364
11,0,31917,17661,AlPatch_1_0,93911.920031677,93912.013162613
11,0,32452,6660,AlPatch_1_1,92636.357313875,92636.460489782
11,0,32451,6660,AlPatch_1_1,92636.357313875,92636.446204125
11,0,32486,6194,AlPatch_0_0,2768.2272824894,2768.319990948
11,0,32485,6194,AlPatch_0_0,2768.2272824894,2768.3253405182
12,0,31288,30484,AlPatch_0_1,32256.438576733,32256.525457408
12,0,31287,30484,AlPatch_0_1,32256.438576733,32256.537734233
12,0,31432,27211,AlPatch_2_1,22075.11671986,22075.205362648
12,0,31431,27211,AlPatch_2_1,22075.11671986,22075.206570413
12,0,32728,21,AlPatch_2_1,110156.02177222,110156.10898267
12,0,32727,21,AlPatch_2_1,110156.02177222,110156.10980452
13,0,31278,30675,AlPatch_0_0,19297.118357938,19297.210360708
13,0,31277,30675,AlPatch_0_0,19297.118357938,19297.20591926
13,0,31302,29966,AlPatch_1_0,7168.5580759194,7168.6440627481
13,0,31301,29966,AlPatch_1_0,7168.5580759194,7168.6602420211
13,0,31376,28255,AlPatch_0_1,33980.114492027,33980.206829425
13,0,31375,28255,AlPatch_0_1,33980.114492027,33980.206925433
13,0,31632,23211,AlPatch_1_1,43625.101195417,43625.20196127
13,0,31631,23211,AlPatch_1_1,43625.101195417,43625.19117724
13,0,31782,20003,AlPatch_2_1,17590.787832648,17590.88536803
13,0,31781,20003,AlPatch_2_1,17590.787832648,17590.884029616
13,0,31794,19847,AlPatch_0_0,30222.341121487,30222.431032562
13,0,31793,19847,AlPatch_0_0,30222.341121487,30222.431493568
13,0,31938,17182,AlPatch_1_0,55994.01781054,55994.116367014
13,0,31937,17182,AlPatch_1_0,55994.01781054,55994.108336351
13,0,31942,17168,AlPatch_2_1,19091.599449459,19091.69342058
13,0,31941,17168,AlPatch_2_1,19091.599449459,19091.69426278
13,0,32396,7454,AlPatch_2_0,41869.745907919,41869.852919215
13,0,32395,7454,AlPatch_2_0,41869.745907919,41869.831851955
13,0,32508,4952,AlPatch_2_1,8454.3198660057,8454.4130269185
13,0,32507,4952,AlPatch_2_1,8454.3198660057,8454.4173224531
13,0,32534,4399,AlPatch_1_0,30009.480227337,30009.571711316
13,0,32533,4399,AlPatch_1_0,30009.480227337,30009.582742579
13,0,32584,3228,AlPatch_2_0,683.03946257895,683.13693145322
13,0,32583,3228,AlPatch_2_0,683.03946257895,683.13336740491
13,0,32686,1178,AlPatch_0_0,98241.748649645,98241.843505299
13,0,32685,1178,AlPatch_0_0,98241.748649645,98241.844855701
13,0,32744,220,AlPatch_0_1,44299.853878844,44299.941758723
13,0,32743,220,AlPatch_0_1,44299.853878844,44299.954431867
14,0,31350,29344,AlPatch_1_0,25980.337758749,25980.43293017
14,0,31349,29344,AlPatch_1_0,25980.337758749,25980.433356162
14,0,31496,26282,AlPatch_1_1,2811.9993982118,2812.0854829067
14,0,31495,26282,AlPatch_1_1,2811.9993982118,2812.1027811623
14,0,31680,22245,AlPatch_2_0,939.80705191348,939.90058824743
14,0,31679,22245,AlPatch_2_0,939.80705191348,939.90232363817
14,0,32022,14978,AlPatch_0_1,18242.867893004,18242.968662768
14,0,32021,14978,AlPatch_0_1,18242.867893004,18242.957249963
14,0,32338,9147,AlPatch_2_1,14982.625387899,14982.712695016
14,0,32337,9147,AlPatch_2_1,14982.625387899,14982.712320599
14,0,32370,8471,AlPatch_2_1,18279.060937939,18279.147739609
14,0,32369,8471,AlPatch_2_1,18279.060937939,18279.147688429
14,0,32392,7765,AlPatch_2_1,70851.720794162,70851.815675501
14,0,32391,7765,AlPatch_2_1,70851.720794162,70851.808506103
14,0,32430,6888,AlPatch_2_0,58894.995182374,58895.097680909
14,0,32429,6888,AlPatch_2_0,58894.995182374,58895.080685346
14,0,32458,6176,AlPatch_0_1,122679.50512988,122679.60341543
14,0,32457,6176,AlPatch_0_1,122679.50512988,122679.60193572
14,0,32694,1027,AlPatch_0_1,12631.902418251,12631.991780896
14,0,32693,1027,AlPatch_0_1,12631.902418251,12631.990921601
15,0,31294,30353,AlPatch_1_0,51512.618402787,51512.70937834
15,0,31293,30353,AlPatch_1_0,51512.618402787,51512.704268996
15,0,31432,27501,AlPatch_2_1,31803.11493957,31803.209695914
15,0,31431,27501,AlPatch_2_1,31803.11493957,31803.209831949
15,0,31678,22441,AlPatch_2_1,21481.84396592,21481.940566206
15,0,31677,22441,AlPatch_2_1,21481.84396592,21481.945935365
15,0,31748,20934,AlPatch_2_1,23812.93705187,23813.033690935
15,0,31747,20934,AlPatch_2_1,23812.93705187,23813.033800261
15,0,31990,15950,AlPatch_0_0,31123.862414421,31123.954271484
15,0,31989,15950,AlPatch_0_0,31123.862414421,31123.956330813
15,0,32072,13898,AlPatch_2_1,12864.698262636,12864.785824653
15,0,32071,13898,AlPatch_2_1,12864.698262636,12864.800297092
15,0,32512,5290,AlPatch_0_1,3937.2147146908,3937.3111559853
15,0,32511,5290,AlPatch_0_1,3937.2147146908,3937.308095957
1,0,31376,28802,AlPatch_0_0,34797.005946517,34797.105184958
1,0,31375,28802,AlPatch_0_0,34797.005946517,34797.103507338
1,0,31390,28561,AlPatch_0_0,15323.761812818,15323.862580791
1,0,31389,28561,AlPatch_0_0,15323.761812818,15323.853836811
1,0,31426,27780,AlPatch_1_0,5809.4801554079,5809.568330446
1,0,31425,27780,AlPatch_1_0,5809.4801554079,5809.5701969765
1,0,31668,23293,AlPatch_1_1,14075.529340247,14075.624617534
1,0,31667,23293,AlPatch_1_1,14075.529340247,14075.623938896
1,0,31838,19586,AlPatch_2_1,21247.924184128,21248.011670927
1,0,31837,19586,AlPatch_2_1,21247.924184128,21248.029970483
1,0,31870,18809,AlPatch_0_1,94623.806169323,94623.893384177
1,0,31869,18809,AlPatch_0_1,94623.806169323,94623.903740305
1,0,32180,12461,AlPatch_0_0,41527.011873691,41527.107695819
1,0,32179,12461,AlPatch_0_0,41527.011873691,41527.105039659
1,0,32220,11422,AlPatch_2_0,17008.860467527,17008.950079464
1,0,32219,11422,AlPatch_2_0,17008.860467527,17008.949175536
1,0,32344,9181,AlPatch_2_0,12823.73313193,12823.826121978
1,0,32343,9181,AlPatch_2_0,12823.73313193,12823.831262606
1,0,32378,8388,AlPatch_1_0,5039.8788327367,5039.9813472144
1,0,32377,8388,AlPatch_1_0,5039.8788327367,5039.9835072077
1,0,32738,1324,AlPatch_2_1,4055.6339547532,4055.7283614842
1,0,32737,1324,AlPatch_2_1,4055.6339547532,4055.719226555
2,0,31364,29129,AlPatch_0_0,4256.8271396443,4256.9336278278
2,0,31363,29129,AlPatch_0_0,4256.8271396443,4256.9290591756
2,0,31970,15988,AlPatch_0_1,23522.551851168,23522.648193797
2,0,31969,15988,AlPatch_0_1,23522.551851168,23522.644914309
2,0,32020,15130,AlPatch_0_0,145083.36546848,145083.45404506
2,0,32019,15130,AlPatch_0_0,145083.36546848,145083.46456988
2,0,32024,14958,AlPatch_0_1,34966.900447313,34967.004345252
2,0,32023,14958,AlPatch_0_1,34966.900447313,34966.991360436
2,0,32122,12491,AlPatch_0_1,14405.776078477,14405.876873477
2,0,32121,12491,AlPatch_0_1,14405.776078477,14405.869368171
2,0,32340,8047,AlPatch_2_0,41621.465048639,41621.557656132
2,0,32339,8047,AlPatch_2_0,41621.465048639,41621.556842954
3,0,31516,26359,AlPatch_2_0,4863.6504565264,4863.7451034512
3,0,31515,26359,AlPatch_2_0,4863.6504565264,4863.7457333356
3,0,31572,25231,AlPatch_0_1,175732.21155606,175732.30746162
3,0,31571,25231,AlPatch_0_1,175732.21155606,175732.31065769
3,0,31798,20181,AlPatch_0_0,4143.2616223967,4143.3636401225
3,0,31797,20181,AlPatch_0_0,4143.2616223967,4143.3535490245
3,0,32052,14630,AlPatch_2_0,22195.705548557,22195.807635015
3,0,32051,14630,AlPatch_2_0,22195.705548557,22195.80776607
3,0,32322,8586,AlPatch_2_0,6439.6372642425,6439.7371566767
3,0,32321,8586,AlPatch_2_0,6439.6372642425,6439.7281174075
3,0,32564,3588,AlPatch_1_0,119267.11806771,119267.20603741
3,0,32563,3588,AlPatch_1_0,119267.11806771,119267.20629013
3,0,32598,3070,AlPatch_0_1,9432.6206272388,9432.720439106
3,0,32597,3070,AlPatch_0_1,9432.6206272388,9432.7095454767
4,0,31752,21063,AlPatch_1_0,86400.869823132,86400.971008522
4,0,31751,21063,AlPatch_1_0,86400.869823132,86400.956561067
4,0,32000,16228,AlPatch_1_0,33947.177975792,33947.265807029
4,0,31999,16228,AlPatch_1_0,33947.177975792,33947.266153009
4,0,32026,15539,AlPatch_0_0,16965.659702102,16965.746177953
4,0,32025,15539,AlPatch_0_0,16965.659702102,16965.752310831
4,0,32128,13692,AlPatch_2_0,2020.6105687839,2020.7072729935
4,0,32127,13692,AlPatch_2_0,2020.6105687839,2020.704121208
4,0,32172,12916,AlPatch_0_1,18713.694468459,18713.78181439
4,0,32171,12916,AlPatch_0_1,18713.694468459,18713.787825924
4,0,32370,9168,AlPatch_2_1,22987.901477956,22988.000091827
4,0,32369,9168,AlPatch_2_1,22987.901477956,22987.993614643
4,0,32620,4144,AlPatch_2_1,5662.1580049885,5662.2542429887
4,0,32619,4144,AlPatch_2_1,5662.1580049885,5662.2444479604
4,0,32786,1003,AlPatch_0_1,118256.98809621,118257.08365145
4,0,32785,1003,AlPatch_0_1,118256.98809621,118257.08475579
5,0,31416,27574,AlPatch_2_1,1164.9471763215,1165.0441218532
5,0,31415,27574,AlPatch_2_1,1164.9471763215,1165.0433268426
5,0,31568,24554,AlPatch_1_0,10396.063677367,10396.152244337
5,0,31567,24554,AlPatch_1_0,10396.063677367,10396.14999245
5,0,31620,23687,AlPatch_1_0,4800.4352909682,4800.5245220328
5,0,31619,23687,AlPatch_1_0,4800.4352909682,4800.5281050745
5,0,31750,20693,AlPatch_2_1,40337.889253895,40337.979014184
5,0,31749,20693,AlPatch_2_1,40337.889253895,40337.988293675
5,0,31938,16734,AlPatch_0_1,5794.1952641603,5794.2854560162
5,0,31937,16734,AlPatch_0_1,5794.1952641603,5794.2844401795
5,0,32186,10853,AlPatch_2_0,64608.059582388,64608.159069252
5,0,32185,10853,AlPatch_2_0,64608.059582388,64608.160805368
5,0,32220,9975,AlPatch_1_0,20090.88005323,20090.978949746
5,0,32219,9975,AlPatch_1_0,20090.88005323,20090.978773798
6,0,31456,27249,AlPatch_1_0,738.5373499082,738.63647388653
6,0,31455,27249,AlPatch_1_0,738.5373499082,738.63178956039
6,0,31950,17152,AlPatch_1_0,70580.024637196,70580.12697378
6,0,31949,17152,AlPatch_1_0,70580.024637196,70580.110475912
6,0,32070,14983,AlPatch_0_0,125623.78246598,125623.87272115
6,0,32069,14983,AlPatch_0_0,125623.78246598,125623.86879498
6,0,32416,7729,AlPatch_0_0,31372.689296019,31372.781606304
6,0,32415,7729,AlPatch_0_0,31372.689296019,31372.780144378
6,0,32442,6961,AlPatch_0_1,38827.402002821,38827.503480023
6,0,32441,6961,AlPatch_0_1,38827.402002821,38827.489062649
6,0,32590,3773,AlPatch_0_1,5434.2321176585,5434.334187104
6,0,32589,3773,AlPatch_0_1,5434.2321176585,5434.3260572118
6,0,32602,3628,AlPatch_1_1,32493.211529723,32493.311495084
6,0,32601,3628,AlPatch_1_1,32493.211529723,32493.31430885
6,0,32638,2861,AlPatch_0_0,17489.571864193,17489.669762793
6,0,32637,2861,AlPatch_0_0,17489.571864193,17489.661161791
7,0,31396,28669,AlPatch_0_0,10046.670016545,10046.774035745
7,0,31395,28669,AlPatch_0_0,10046.670016545,10046.758929139
7,0,31938,16890,AlPatch_0_1,201911.1354392,201911.22715206
7,0,31937,16890,AlPatch_0_1,201911.1354392,201911.22830859
7,0,31994,15880,AlPatch_2_1,1220.0133781937,1220.1035752491
7,0,31993,15880,AlPatch_2_1,1220.0133781937,1220.1039772311
7,0,32210,11105,AlPatch_0_1,65978.433292115,65978.527004314
7,0,32209,11105,AlPatch_0_1,65978.433292115,65978.53033024
7,0,32280,9446,AlPatch_0_1,19193.379399773,19193.476185381
7,0,32279,9446,AlPatch_0_1,19193.379399773,19193.4718073
7,0,32288,9377,AlPatch_2_1,49486.213316883,49486.307072181
7,0,32287,9377,AlPatch_2_1,49486.213316883,49486.299187223
7,0,32308,9082,AlPatch_2_0,257.14703401547,257.23713208559
7,0,32307,9082,AlPatch_2_0,257.14703401547,257.2366204963
8,0,32082,14370,AlPatch_2_0,1588.496739552,1588.5904345404
8,0,32081,14370,AlPatch_2_0,1588.496739552,1588.5960978117
8,0,32204,11658,AlPatch_2_1,17279.353555687,17279.443167882
8,0,32203,11658,AlPatch_2_1,17279.353555687,17279.442958537
8,0,32258,9879,AlPatch_0_1,4796.6522533652,4796.7451937026
8,0,32257,9879,AlPatch_0_1,4796.6522533652,4796.7446470262
8,0,32488,4404,AlPatch_0_1,17918.588276135,17918.679694159
8,0,32487,4404,AlPatch_0_1,17918.588276135,17918.678863689
8,0,32508,4119,AlPatch_0_0,18575.620562464,18575.712703293
8,0,32507,4119,AlPatch_0_0,18575.620562464,18575.712574594
9,0,31372,29254,AlPatch_1_0,7882.7621354025,7882.8559956551
9,0,31371,29254,AlPatch_1_0,7882.7621354025,7882.8580705909
9,0,31424,28278,AlPatch_1_0,31519.280587377,31519.367821436
9,0,31423,28278,AlPatch_1_0,31519.280587377,31519.369927555
9,0,31474,27156,AlPatch_0_0,32808.061537464,32808.155577064
9,0,31473,27156,AlPatch_0_0,32808.061537464,32808.156035884
9,0,31676,23061,AlPatch_0_0,93835.351278973,93835.448838305
9,0,31675,23061,AlPatch_0_0,93835.351278973,93835.445342226
9,0,32040,15623,AlPatch_2_1,6986.6133584907,6986.707600219
9,0,32039,15623,AlPatch_2_1,6986.6133584907,6986.7051898516
9,0,32086,14517,AlPatch_0_1,21982.526006772,21982.612998188
9,0,32085,14517,AlPatch_0_1,21982.526006772,21982.614309218
