Event,Track,Parent,Patch,Creation Time [ns],Death Time [ns]
0,2000090,1994700,AlPatch_2_0,3172.807516757,3172.895970239
0,2000089,1994700,AlPatch_2_0,3172.807516757,3172.905565702
0,2000092,1994551,AlPatch_0_0,8771.14619294,8771.2317133386
0,2000091,1994551,AlPatch_0_0,8771.14619294,8771.2323300869
0,2000098,1994219,AlPatch_1_0,5317.9886517956,5318.0811779543
0,2000097,1994219,AlPatch_1_0,5317.9886517956,5318.0830042916
0,2000170,1989755,AlPatch_1_0,16324.500614519,16324.594862772
0,2000169,1989755,AlPatch_1_0,16324.500614519,16324.595982054
0,2000262,1984259,AlPatch_0_0,4935.5756850308,4935.6671772527
0,2000261,1984259,AlPatch_0_0,4935.5756850308,4935.6756689367
0,2000784,1952476,AlPatch_0_1,13868.185330838,13868.272761977
0,2000783,1952476,AlPatch_0_1,13868.185330838,13868.281458749
0,2001016,1939701,AlPatch_2_1,10912.469927012,10912.572906944
0,2001015,1939701,AlPatch_2_1,10912.469927012,10912.55640123
0,2001758,1896988,AlPatch_2_1,12719.743444795,12719.836406617
0,2001757,1896988,AlPatch_2_1,12719.743444795,12719.834979284
0,2001834,1892026,AlPatch_2_1,6877.067368023,6877.1541385943
0,2001833,1892026,AlPatch_2_1,6877.067368023,6877.1537232049
0,2001920,1885677,AlPatch_1_1,4390.2061761676,4390.2970369831
0,2001919,1885677,AlPatch_1_1,4390.2061761676,4390.3024853729
0,2002436,1854805,AlPatch_1_0,5500.4456976227,5500.5388867504
0,2002435,1854805,AlPatch_1_0,5500.4456976227,5500.5429858052
0,2002674,1840561,AlPatch_1_1,3120.8093501179,3120.8980904558
0,2002673,1840561,AlPatch_1_1,3120.8093501179,3120.9093046373
0,2002760,1835866,AlPatch_2_1,992.25156917704,992.35155623093
0,2002759,1835866,AlPatch_2_1,992.25156917704,992.35078729749
0,2002764,1835755,AlPatch_2_1,9417.2968779042,9417.3853584442
0,2002763,1835755,AlPatch_2_1,9417.2968779042,9417.4008882622
0,2002926,1827327,AlPatch_2_0,14261.149910584,14261.250090419
0,2002925,1827327,AlPatch_2_0,14261.149910584,14261.235618727
0,2003108,1816997,AlPatch_0_1,4078.2979019722,4078.3863489503
0,2003107,1816997,AlPatch_0_1,4078.2979019722,4078.3987407419
0,2003164,1812967,AlPatch_0_1,1156.6047315901,1156.6914993803
0,2003163,1812967,AlPatch_0_1,1156.6047315901,1156.6985752173
0,2003862,1772249,AlPatch_2_0,15515.153796868,15515.24431952
0,2003861,1772249,AlPatch_2_0,15515.153796868,15515.246235759
0,2003878,1771624,AlPatch_2_0,18978.812670976,18978.899732383
0,2003877,1771624,AlPatch_2_0,18978.812670976,18978.900988201
0,2003958,1766573,AlPatch_1_0,6382.4957521783,6382.5830713817
0,2003957,1766573,AlPatch_1_0,6382.4957521783,6382.5945498833
0,2004014,1763956,AlPatch_0_1,5852.9763905578,5853.0669297354
0,2004013,1763956,AlPatch_0_1,5852.9763905578,5853.0706139426
0,2004126,1756023,AlPatch_2_1,630.66106203188,630.75250177067
0,2004125,1756023,AlPatch_2_1,630.66106203188,630.75166104341
0,2004458,1738310,AlPatch_2_1,603.25435777742,603.35541810126
0,2004457,1738310,AlPatch_2_1,603.25435777742,603.34370759618
0,2004490,1735326,AlPatch_2_0,2936.4908402462,2936.5907340916
0,2004489,1735326,AlPatch_2_0,2936.4908402462,2936.5802816852
0,2004650,1727503,AlPatch_0_1,2311.2270335562,2311.3296574872
0,2004649,1727503,AlPatch_0_1,2311.2270335562,2311.328991274
0,2004912,1710615,AlPatch_1_0,11185.329347209,11185.428612889
0,2004911,1710615,AlPatch_1_0,11185.329347209,11185.420838087
0,2005018,1705980,AlPatch_0_1,8277.6274058616,8277.713690215
0,2005017,1705980,AlPatch_0_1,8277.6274058616,8277.7225351734
0,2005136,1699542,AlPatch_2_1,858.56794257713,858.66747141028
0,2005135,1699542,AlPatch_2_1,858.56794257713,858.66489967368
0,2005708,1662967,AlPatch_1_1,8931.6975437036,8931.7912379406
0,2005707,1662967,AlPatch_1_1,8931.6975437036,8931.7938613709
0,2005848,1655547,AlPatch_2_0,380.94330856689,381.03414721172
0,2005847,1655547,AlPatch_2_0,380.94330856689,381.03110656401
0,2005868,1654375,AlPatch_2_0,8878.4435770736,8878.5368328626
0,2005867,1654375,AlPatch_2_0,8878.4435770735,8878.5337942546
0,2005992,1646262,AlPatch_2_0,9445.0019478148,9445.1051486597
0,2005991,1646262,AlPatch_2_0,9445.0019478148,9445.0899019791
0,2006680,1609002,AlPatch_2_0,4935.1813592443,4935.2748866791
0,2006679,1609002,AlPatch_2_0,4935.1813592443,4935.2797249988
0,2007364,1572985,AlPatch_2_0,12475.667744616,12475.764135727
0,2007363,1572985,AlPatch_2_0,12475.667744616,12475.75354169
0,2007376,1572587,AlPatch_0_1,16323.058762531,16323.160870343
0,2007375,1572587,AlPatch_0_1,16323.058762531,16323.146376229
0,2007736,1552565,AlPatch_2_0,541.37256699131,541.46725933859
0,2007735,1552565,AlPatch_2_0,541.37256699131,541.47024209564
0,2007938,1540851,AlPatch_2_0,6362.1364637135,6362.2386923348
0,2007937,1540851,AlPatch_2_0,6362.1364637135,6362.2240370133
0,2008480,1508185,AlPatch_0_0,4424.3155201617,4424.415641245
0,2008479,1508185,AlPatch_0_0,4424.3155201617,4424.4141137859
0,2008764,1494681,AlPatch_0_1,11305.956955708,11306.044210972
0,2008763,1494681,AlPatch_0_1,11305.956955708,11306.055007085
0,2008784,1493602,AlPatch_2_0,2363.0748679223,2363.1604112101
0,2008783,1493602,AlPatch_2_0,2363.0748679223,2363.1818549296
0,2008916,1485174,AlPatch_2_1,18423.32267543,18423.408850279
0,2008915,1485174,AlPatch_2_1,18423.32267543,18423.42488888
0,2009468,1452927,AlPatch_2_0,6561.5398397372,6561.6375515135
0,2009467,1452927,AlPatch_2_0,6561.5398397372,6561.6320785925
0,2009492,1451082,AlPatch_2_0,245.47121737841,245.56778749277
0,2009491,1451082,AlPatch_2_0,245.47121737841,245.56653923404
0,2009726,1437291,AlPatch_1_0,7668.7258080318,7668.8131030764
0,2009725,1437291,AlPatch_1_0,7668.7258080318,7668.8320569727
0,2010058,1419297,AlPatch_2_0,1321.3485285448,1321.4382476205
0,2010057,1419297,AlPatch_2_0,1321.3485285448,1321.436733228
0,2010252,1407842,AlPatch_2_0,252.60176214499,252.69283432808
0,2010251,1407842,AlPatch_2_0,252.60176214499,252.69232927662
0,2010440,1396861,AlPatch_2_1,5086.7751055354,5086.8637417106
0,2010439,1396861,AlPatch_2_1,5086.7751055354,5086.8723809534
0,2010540,1390585,AlPatch_2_1,12733.129218199,12733.216802076
0,2010539,1390585,AlPatch_2_1,12733.129218199,12733.221975756
0,2010656,1382379,AlPatch_2_1,3791.224489244,3791.3140402401
0,2010655,1382379,AlPatch_2_1,3791.224489244,3791.3143034654
0,2011164,1351501,AlPatch_2_0,10207.260494986,10207.350199103
0,2011163,1351501,AlPatch_2_0,10207.260494986,10207.350792573
0,2011208,1349630,AlPatch_1_0,8362.6912872274,8362.7827083015
0,2011207,1349630,AlPatch_1_0,8362.6912872273,8362.7877609526
0,2011246,1347590,AlPatch_1_1,4314.573277284,4314.6751439253
0,2011245,1347590,AlPatch_1_1,4314.573277284,4314.6628449594
0,2011474,1333906,AlPatch_2_0,566.06255098451,566.16071724307
0,2011473,1333906,AlPatch_2_0,566.06255098451,566.1523347494
0,2011948,1308691,AlPatch_0_1,8793.9185267935,8794.0129687737
0,2011947,1308691,AlPatch_0_1,8793.9185267935,8794.0075596542
0,2011950,1308429,AlPatch_2_1,1346.7906797262,1346.8788919124
0,2011949,1308429,AlPatch_2_1,1346.7906797262,1346.8881625687
0,2012084,1300222,AlPatch_0_0,15778.987808312,15779.08194777
0,2012083,1300222,AlPatch_0_0,15778.987808312,15779.080332003
0,2012110,1298364,AlPatch_1_1,11762.291525522,11762.397482456
0,2012109,1298364,AlPatch_1_1,11762.291525522,11762.387197666
0,2012344,1284300,AlPatch_1_1,9104.4461237182,9104.5347129596
0,2012343,1284300,AlPatch_1_1,9104.4461237182,9104.547321979
0,2012532,1273158,AlPatch_1_0,5995.3670061417,5995.4648154379
0,2012531,1273158,AlPatch_1_0,5995.3670061417,5995.4592857722
0,2012958,1247602,AlPatch_2_0,718.3574075333,718.44738886448
0,2012957,1247602,AlPatch_2_0,718.3574075333,718.44791898564
0,2012988,1245435,AlPatch_2_0,255.19958395531,255.2859905967
0,2012987,1245435,AlPatch_2_0,255.19958395531,255.28752743727
0,2013100,1238119,AlPatch_0_1,9433.4907499127,9433.5765802807
0,2013099,1238119,AlPatch_0_1,9433.4907499127,9433.5762376909
0,2013400,1219981,AlPatch_1_0,6288.385200024,6288.4876194737
0,2013399,1219981,AlPatch_1_0,6288.385200024,6288.4851369762
0,2013458,1217451,AlPatch_1_1,13519.419976038,13519.507826332
0,2013457,1217451,AlPatch_1_1,13519.419976038,13519.510898073
0,2013514,1214532,AlPatch_2_0,9091.6634291024,9091.7485731392
0,2013513,1214532,AlPatch_2_0,9091.6634291024,9091.7489794201
0,2013558,1211442,AlPatch_2_0,7303.7060203966,7303.8019488155
0,2013557,1211442,AlPatch_2_0,7303.7060203966,7303.7973560893
0,2013828,1196577,AlPatch_0_0,6581.9190748818,6582.0193300244
0,2013827,1196577,AlPatch_0_0,6581.9190748818,6582.0131809325
0,2013930,1191247,AlPatch_2_0,12185.841713907,12185.934703339
0,2013929,1191247,AlPatch_2_0,12185.841713907,12185.931427909
0,2014000,1186075,AlPatch_1_0,14481.230670539,14481.322493273
0,2013999,1186075,AlPatch_1_0,14481.230670539,14481.323827832
0,2014020,1184546,AlPatch_2_0,4001.9666372905,4002.0557289814
0,2014019,1184546,AlPatch_2_0,4001.9666372905,4002.0656126133
0,2014052,1182287,AlPatch_0_1,14401.684477013,14401.776499138
0,2014051,1182287,AlPatch_0_1,14401.684477013,14401.780394701
0,2014110,1177500,AlPatch_2_0,21795.041077937,21795.139869682
0,2014109,1177500,AlPatch_2_0,21795.041077937,21795.133944973
0,2014648,1144732,AlPatch_2_0,18844.655017135,18844.749615632
0,2014647,1144732,AlPatch_2_0,18844.655017135,18844.74206987
0,2014758,1138208,AlPatch_0_0,11807.858726238,11807.961214937
0,2014757,1138208,AlPatch_0_0,11807.858726238,11807.955480144
0,2014816,1134289,AlPatch_2_1,6303.3596756692,6303.4495493453
0,2014815,1134289,AlPatch_2_1,6303.3596756692,6303.4451023799
0,2014822,1133834,AlPatch_0_1,9166.5943827497,9166.6884915544
0,2014821,1133834,AlPatch_0_1,9166.5943827497,9166.6855404104
0,2014860,1131965,AlPatch_1_1,13378.797605435,13378.885024764
0,2014859,1131965,AlPatch_1_1,13378.797605435,13378.886241114
0,2014894,1130272,AlPatch_2_0,597.51390632082,597.61529279654
0,2014893,1130272,AlPatch_2_0,597.51390632082,597.60495881657
0,2014934,1127975,AlPatch_1_0,15013.402857589,15013.507462689
0,2014933,1127975,AlPatch_1_0,15013.402857589,15013.509801347
0,2015102,1117502,AlPatch_1_0,12703.902810357,12703.991227719
0,2015101,1117502,AlPatch_1_0,12703.902810357,12704.003315104
0,2015342,1100035,AlPatch_2_1,3983.7020610822,3983.7953962853
0,2015341,1100035,AlPatch_2_1,3983.7020610822,3983.794180422
0,2015438,1094852,AlPatch_2_0,8119.6270244555,8119.7235329965
0,2015437,1094852,AlPatch_2_0,8119.6270244555,8119.7208655769
0,2015940,1063723,AlPatch_0_1,2142.4743299392,2142.5678131248
0,2015939,1063723,AlPatch_0_1,2142.4743299392,2142.5732478165
0,2016036,1058391,AlPatch_2_0,15775.298595355,15775.39715503
0,2016035,1058391,AlPatch_2_0,15775.298595355,15775.400162431
0,2016182,1050133,AlPatch_2_1,4340.7487687051,4340.8464602965
0,2016181,1050133,AlPatch_2_1,4340.7487687051,4340.8395878848
0,2016630,1022581,AlPatch_0_1,9098.4697543048,9098.5557129172
0,2016629,1022581,AlPatch_0_1,9098.4697543048,9098.5586230564
0,2017006,997711,AlPatch_0_1,7193.1935190045,7193.2814849549
0,2017005,997711,AlPatch_0_1,7193.1935190045,7193.2912293419
0,2017016,996466,AlPatch_1_1,16142.02086151,16142.118794427
0,2017015,996466,AlPatch_1_1,16142.020861509,16142.123717279
0,2017268,982208,AlPatch_1_1,5219.8577300675,5219.9453107469
0,2017267,982208,AlPatch_1_1,5219.8577300675,5219.9447776425
0,2017328,978725,AlPatch_2_0,1951.4361628369,1951.5311129509
0,2017327,978725,AlPatch_2_0,1951.4361628369,1951.5356152418
0,2017752,953989,AlPatch_1_1,9652.6170659215,9652.7030304289
0,2017751,953989,AlPatch_1_1,9652.6170659215,9652.7176298659
0,2017782,952176,AlPatch_1_1,7132.5649256425,7132.650742749
0,2017781,952176,AlPatch_1_1,7132.5649256425,7132.6671287683
0,2017824,949485,AlPatch_0_0,7952.4487631486,7952.5378865504
0,2017823,949485,AlPatch_0_0,7952.4487631486,7952.5408064901
0,2018050,935996,AlPatch_2_0,18111.340544244,18111.439277151
0,2018049,935996,AlPatch_2_0,18111.340544244,18111.439877652
0,2018152,930371,AlPatch_1_0,1211.9025140423,1211.9975155714
0,2018151,930371,AlPatch_1_0,1211.9025140423,1211.9954096544
0,2018280,923125,AlPatch_2_0,10806.852313101,10806.940761222
0,2018279,923125,AlPatch_2_0,10806.852313101,10806.953917691
0,2018408,914852,AlPatch_1_0,12083.129889221,12083.219624325
0,2018407,914852,AlPatch_1_0,12083.129889221,12083.228705392
0,2018798,890135,AlPatch_1_0,1429.6396544813,1429.7407193908
0,2018797,890135,AlPatch_1_0,1429.6396544813,1429.7393883141
0,2018828,887439,AlPatch_0_0,2812.4594447356,2812.5558330316
0,2018827,887439,AlPatch_0_0,2812.4594447356,2812.5614908516
0,2018870,884648,AlPatch_1_0,6897.8796920466,6897.9728841051
0,2018869,884648,AlPatch_1_0,6897.8796920466,6897.973094535
0,2019092,871361,AlPatch_2_1,688.60986488041,688.71238608894
0,2019091,871361,AlPatch_2_1,688.60986488041,688.70084118132
0,2020140,809176,AlPatch_2_0,431.73785598194,431.82639480923
0,2020139,809176,AlPatch_2_0,431.73785598194,431.83501240416
0,2020424,790447,AlPatch_2_0,3075.2704164008,3075.360965073
0,2020423,790447,AlPatch_2_0,3075.2704164008,3075.3624692065
0,2020644,777344,AlPatch_2_1,848.1947662938,848.28537370495
0,2020643,777344,AlPatch_2_1,848.1947662938,848.29541649053
0,2020870,763121,AlPatch_2_0,482.490738103,482.58723154712
0,2020869,763121,AlPatch_2_0,482.490738103,482.58830288878
0,2020938,759821,AlPatch_2_0,1310.100560008,1310.2001761312
0,2020937,759821,AlPatch_2_0,1310.100560008,1310.1935491676
0,2020974,757750,AlPatch_2_1,13286.478215046,13286.579529628
0,2020973,757750,AlPatch_2_1,13286.478215046,13286.56506866
0,2021028,753974,AlPatch_0_1,3339.3281858396,3339.4171841699
0,2021027,753974,AlPatch_0_1,3339.3281858396,3339.4289490301
0,2021530,723111,AlPatch_2_0,6329.4904071544,6329.5789411564
0,2021529,723111,AlPatch_2_0,6329.4904071544,6329.5823222404
0,2021580,719884,AlPatch_2_1,1776.8348720007,1776.924948211
0,2021579,719884,AlPatch_2_1,1776.8348720007,1776.9263842783
0,2021604,718730,AlPatch_2_0,2520.6140477378,2520.7026384482
0,2021603,718730,AlPatch_2_0,2520.6140477378,2520.7029292591
0,2021666,714360,AlPatch_2_0,682.08979148799,682.18285255029
0,2021665,714360,AlPatch_2_0,682.08979148799,682.17775075184
0,2021822,704659,AlPatch_2_0,1944.1314181331,1944.2170483404
0,2021821,704659,AlPatch_2_0,1944.1314181331,1944.217172144
0,2021826,704590,AlPatch_0_0,11672.44846768,11672.542979196
0,2021825,704590,AlPatch_0_0,11672.44846768,11672.535431819
0,2022262,677851,AlPatch_1_1,8214.8052820261,8214.8984991334
0,2022261,677851,AlPatch_1_1,8214.8052820261,8214.8998129287
0,2022550,659798,AlPatch_2_0,11146.000244324,11146.090388351
0,2022549,659798,AlPatch_2_0,11146.000244324,11146.098225478
0,2022616,655173,AlPatch_1_1,12598.895042616,12598.981212957
0,2022615,655173,AlPatch_1_1,12598.895042616,12598.996505034
0,2022834,641796,AlPatch_0_0,12945.03810024,12945.130780838
0,2022833,641796,AlPatch_0_0,12945.03810024,12945.133088483
0,2023158,623151,AlPatch_2_0,2702.6658818979,2702.7694409103
0,2023157,623151,AlPatch_2_0,2702.6658818979,2702.7522284748
0,2023432,608743,AlPatch_2_0,3070.9029413778,3070.9901373959
0,2023431,608743,AlPatch_2_0,3070.9029413778,3071.0012700364
0,2023794,585667,AlPatch_2_0,20857.116336546,20857.205885529
0,2023793,585667,AlPatch_2_0,20857.116336546,20857.204689962
0,2023886,580696,AlPatch_0_0,13331.740936462,13331.831707104
0,2023885,580696,AlPatch_0_0,13331.740936462,13331.832159983
0,2024140,566169,AlPatch_2_0,5081.9610852783,5082.0622423663
0,2024139,566169,AlPatch_2_0,5081.9610852783,5082.055673843
0,2024484,546374,AlPatch_2_1,9744.1599393021,9744.2463518419
0,2024483,546374,AlPatch_2_1,9744.159939302,9744.2477827252
0,2024490,546197,AlPatch_0_0,13714.913586449,13715.008660926
0,2024489,546197,AlPatch_0_0,13714.913586449,13715.006587692
0,2024772,528117,AlPatch_0_1,15307.262664537,15307.354506123
0,2024771,528117,AlPatch_0_1,15307.262664537,15307.349242556
0,2025106,510274,AlPatch_1_1,3227.2404206626,3227.342431097
0,2025105,510274,AlPatch_1_1,3227.2404206626,3227.341385601
0,2025326,497437,AlPatch_2_1,11407.917791563,11408.011236628
0,2025325,497437,AlPatch_2_1,11407.917791563,11408.008176795
0,2025582,480215,AlPatch_1_0,18050.939486787,18051.027258002
0,2025581,480215,AlPatch_1_0,18050.939486787,18051.04222504
0,2025598,479942,AlPatch_2_0,500.2299640435,500.32151442168
0,2025597,479942,AlPatch_2_0,500.2299640435,500.32993529045
0,2025650,476527,AlPatch_0_0,10557.63120071,10557.719589
0,2025649,476527,AlPatch_0_0,10557.63120071,10557.719897863
0,2026028,453698,AlPatch_0_0,9055.5057545246,9055.6029078484
0,2026027,453698,AlPatch_0_0,9055.5057545247,9055.5979240753
0,2026062,451970,AlPatch_0_1,14689.987800467,14690.085866503
0,2026061,451970,AlPatch_0_1,14689.987800467,14690.079546471
0,2026108,449958,AlPatch_0_0,3447.3765017549,3447.4746152386
0,2026107,449958,AlPatch_0_0,3447.3765017549,3447.4664486209
0,2026758,406343,AlPatch_1_0,3933.5317089596,3933.6317880993
0,2026757,406343,AlPatch_1_0,3933.5317089596,3933.6315534515
0,2026796,404262,AlPatch_1_1,9501.6366940715,9501.7239570646
0,2026795,404262,AlPatch_1_1,9501.6366940715,9501.7229929478
0,2027294,376970,AlPatch_0_0,6395.4088054399,6395.5014892986
0,2027293,376970,AlPatch_0_0,6395.4088054399,6395.4945698171
0,2027554,363973,AlPatch_1_0,8846.4583011553,8846.5543463708
0,2027553,363973,AlPatch_1_0,8846.4583011553,8846.5557935064
0,2027722,354252,AlPatch_2_1,2873.5884230573,2873.6904184912
0,2027721,354252,AlPatch_2_1,2873.5884230573,2873.6756147628
0,2027948,339585,AlPatch_0_0,2224.6392645478,2224.7416501823
0,2027947,339585,AlPatch_0_0,2224.6392645478,2224.7382709817
0,2028136,327676,AlPatch_1_0,3402.9262646217,3403.0171224925
0,2028135,327676,AlPatch_1_0,3402.9262646217,3403.026469791
0,2028154,326426,AlPatch_2_0,5713.1570646467,5713.2515701824
0,2028153,326426,AlPatch_2_0,5713.1570646466,5713.2435338201
0,2028166,325483,AlPatch_2_0,256.46587620236,256.56161905599
0,2028165,325483,AlPatch_2_0,256.46587620236,256.55148069076
0,2028228,322733,AlPatch_2_1,13893.239951601,13893.343875137
0,2028227,322733,AlPatch_2_1,13893.239951601,13893.330886394
0,2028548,304246,AlPatch_0_1,13783.65545323,13783.759837075
0,2028547,304246,AlPatch_0_1,13783.65545323,13783.755846358
0,2028636,297603,AlPatch_2_0,406.18334256744,406.27487450005
0,2028635,297603,AlPatch_2_0,406.18334256744,406.27627364216
0,2028862,284997,AlPatch_1_1,13271.68094971,13271.772067041
0,2028861,284997,AlPatch_1_1,13271.68094971,13271.770234002
0,2028966,278487,AlPatch_0_0,4695.3162704551,4695.401692731
0,2028965,278487,AlPatch_0_0,4695.3162704551,4695.4016988619
0,2029036,274782,AlPatch_2_1,6629.5086591878,6629.6056512211
0,2029035,274782,AlPatch_2_1,6629.5086591878,6629.6083168546
0,2029260,262205,AlPatch_2_0,1362.0820525247,1362.1673026664
0,2029259,262205,AlPatch_2_0,1362.0820525247,1362.1676632828
0,2029272,261443,AlPatch_1_0,5094.4759401655,5094.5667512541
0,2029271,261443,AlPatch_1_0,5094.4759401655,5094.5763434144
0,2029282,260882,AlPatch_2_0,790.11675994596,790.21060331631
0,2029281,260882,AlPatch_2_0,790.11675994596,790.20762627501
0,2029568,240869,AlPatch_2_0,417.50260147954,417.59952740887
0,2029567,240869,AlPatch_2_0,417.50260147954,417.5913880018
0,2029970,214711,AlPatch_2_1,4336.7252863689,4336.8247521946
0,2029969,214711,AlPatch_2_1,4336.7252863689,4336.8285129227
0,2030084,207679,AlPatch_1_1,5159.5070095023,5159.594295786
0,2030083,207679,AlPatch_1_1,5159.5070095023,5159.610644541
0,2030398,187333,AlPatch_2_0,705.64998373678,705.74421295611
0,2030397,187333,AlPatch_2_0,705.64998373678,705.73621153826
0,2030450,183960,AlPatch_1_1,18021.266636827,18021.358026797
0,2030449,183960,AlPatch_1_1,18021.266636827,18021.3642069
0,2030520,180248,AlPatch_2_0,1670.469866228,1670.5587745938
0,2030519,180248,AlPatch_2_0,1670.469866228,1670.5570440285
0,2030532,179620,AlPatch_1_1,12609.346659427,12609.448184189
0,2030531,179620,AlPatch_1_1,12609.346659427,12609.437160498
0,2030572,178113,AlPatch_0_0,14694.211773659,14694.300185182
0,2030571,178113,AlPatch_0_0,14694.211773659,14694.306781141
0,2030592,176220,AlPatch_0_1,14024.792111644,14024.891979522
0,2030591,176220,AlPatch_0_1,14024.792111644,14024.895008429
0,2030616,175437,AlPatch_2_1,986.05928619678,986.15736455581
0,2030615,175437,AlPatch_2_1,986.05928619678,986.15405925228
0,2030802,162025,AlPatch_0_0,11074.542498084,11074.641265399
0,2030801,162025,AlPatch_0_0,11074.542498084,11074.642628066
0,2031156,142086,AlPatch_1_1,13938.356100045,13938.443637351
0,2031155,142086,AlPatch_1_1,13938.356100045,13938.459535804
0,2031196,139651,AlPatch_0_0,7225.9303803821,7226.0175226357
0,2031195,139651,AlPatch_0_0,7225.9303803821,7226.017230649
0,2031540,120281,AlPatch_1_0,4725.9915157898,4726.0864097509
0,2031539,120281,AlPatch_1_0,4725.9915157898,4726.0904344552
0,2031662,110736,AlPatch_2_0,13299.019158415,13299.108027359
0,2031661,110736,AlPatch_2_0,13299.019158415,13299.120727193
0,2031880,96125,AlPatch_2_1,11253.4374031,11253.523598508
0,2031879,96125,AlPatch_2_1,11253.4374031,11253.523734286
0,2032002,87591,AlPatch_2_0,3415.0619994311,3415.1574437306
0,2032001,87591,AlPatch_2_0,3415.0619994311,3415.1531303624
0,2032102,80573,AlPatch_1_1,9742.2503260671,9742.3418879273
0,2032101,80573,AlPatch_1_1,9742.2503260671,9742.3374336436
0,2032280,72149,AlPatch_1_1,12095.932166084,12096.019276533
0,2032279,72149,AlPatch_1_1,12095.932166084,12096.022583999
0,2032904,32732,AlPatch_0_1,6636.9711688496,6637.0658848058
0,2032903,32732,AlPatch_0_1,6636.9711688496,6637.0611108525
0,2032980,28847,AlPatch_1_1,7850.1443358219,7850.2390315832
0,2032979,28847,AlPatch_1_1,7850.1443358219,7850.2321733656
0,2033086,23734,AlPatch_2_1,13828.808011515,13828.899450857
0,2033085,23734,AlPatch_2_1,13828.808011515,13828.894222774
